1 0.4014623017578125 0.9844209654947916 0.39612227197265626 0.8255710976562499 0.26638640869140623 0.8272473548177084 0.2563343251953125 0.991126984375 0.4014623017578125 0.9844209654947916
3 0.39540972216796877 0.8189847884114583 0.391954365234375 0.6995330690104167 0.27926066455078125 0.702380291015625 0.2685009921875 0.8177275130208334 0.39540972216796877 0.8189847884114583
3 0.5292291665039063 0.8131170638020833 0.5097532241210937 0.6965992063802083 0.39803472216796876 0.6995525794270834 0.40106398828125 0.8168892194010416 0.5292291665039063 0.8131170638020833
3 0.3935250498046875 0.691569775390625 0.39164012890625 0.5972655423177083 0.2891584819335937 0.5949179895833333 0.2807522319335938 0.694922619140625 0.3935250498046875 0.691569775390625
3 0.5128187001953125 0.6865572089843749 0.4980545634765625 0.58973842578125 0.397532986328125 0.5989593255208333 0.3984754462890625 0.6911676588541668 0.5128187001953125 0.6865572089843749
3 0.39125049609375 0.5868045638020833 0.3893655751953125 0.5084272486979167 0.29693526806640624 0.5091369049479166 0.29104290673828126 0.5876428574218749 0.39125049609375 0.5868045638020833
3 0.4949134423828125 0.5826130950520834 0.4876884921875 0.5059126985677084 0.39502008935546873 0.5084272486979167 0.3959623017578125 0.5889001321614583 0.4949134423828125 0.5826130950520834
1 0.3614627978515625 0.5019804895833333 0.3593968251953125 0.43827976171875 0.27469965283203124 0.44134226171874996 0.2680431547851562 0.5038181217447917 0.3614627978515625 0.5019804895833333
1 0.2636820434570312 0.5041243385416666 0.26850223193359374 0.44134226171874996 0.183906001953125 0.445721560546875 0.1698035712890625 0.506267857421875 0.2636820434570312 0.5041243385416666
1 0.45692485107421876 0.5002979498697917 0.4507274306640625 0.4390472884114583 0.3641959326171875 0.4381448411458333 0.36580059521484376 0.5021352513020834 0.45692485107421876 0.5002979498697917
1 0.749310763671875 0.4882060182291667 0.7194714780273438 0.42756779101562503 0.6350037202148437 0.4346114420572917 0.6568092758789063 0.49341203710937503 0.749310763671875 0.4882060182291667
1 0.26907341259765627 0.43667691796874997 0.2743526787109375 0.37879497330729167 0.19527108154296874 0.3830419973958333 0.1855238095703125 0.44065806901041665 0.26907341259765627 0.43667691796874997
1 0.1642735615234375 0.50811243359375 0.17896354150390625 0.445330357421875 0.09288913671875 0.448392857421875 0.07039508935546875 0.51117493359375 0.1642735615234375 0.50811243359375
1 0.5544265874023437 0.9798194446614583 0.5324424604492187 0.8228964947916667 0.4019972719726562 0.8250866399739584 0.40925198388671874 0.98721626953125 0.5544265874023437 0.9798194446614583
1 0.5545751489257813 0.4958356484375 0.537610119140625 0.4345542330729167 0.45427579345703123 0.43872089973958334 0.462139384765625 0.50317493359375 0.5545751489257813 0.4958356484375
1 0.6505828374023438 0.49365542317708333 0.62637351171875 0.43102843945312497 0.5442085815429687 0.43567658723958336 0.5599813989257812 0.49977149479166666 0.6505828374023438 0.49365542317708333
1 0.6256607143554688 0.428693783203125 0.607687251953125 0.367167328125 0.5302403271484375 0.36971726171875 0.5421202875976563 0.43028373046874996 0.6256607143554688 0.428693783203125
1 0.5379417163085938 0.43106481510416667 0.5230997021484375 0.370286044921875 0.446313244140625 0.374898478515625 0.4538055556640625 0.43598280403645834 0.5379417163085938 0.43106481510416667
1 0.4485548115234375 0.43502976171874996 0.44137003955078125 0.3750076061197916 0.36252802587890626 0.37765575390625 0.36328422607421873 0.4354080690104167 0.4485548115234375 0.43502976171874996
1 0.3593514384765625 0.43607407421875005 0.35802802587890625 0.3756732805989584 0.27970659716796875 0.3790585319010417 0.2748373017578125 0.4378392858072917 0.3593514384765625 0.43607407421875005
1 0.17998710302734375 0.441651455078125 0.19068526806640626 0.3824368385416667 0.11285491064453125 0.38616997330729164 0.09470039697265625 0.444185515625 0.17998710302734375 0.441651455078125
1 0.08985987109375 0.4443313489583333 0.10735714306640624 0.3863174602864583 0.0295694443359375 0.3877843912760417 0.00517336328125 0.44566501302083333 0.08985987109375 0.4443313489583333
1 0.717639880859375 0.42338756640625 0.690405009765625 0.36422123046875 0.6127435517578125 0.369125 0.630859623046875 0.428026455078125 0.717639880859375 0.42338756640625