0 0.1839920634765625 0.72704034375 0.2042909228515625 0.88047123046875 0.343626240234375 0.821973544921875 0.31205034716796876 0.6812450397135416 0.1839920634765625 0.72704034375
0 0.31608159716796874 0.6804636243489584 0.34891046630859374 0.819854828125 0.48122891845703125 0.766037037109375 0.43336383935546874 0.6309914023437501 0.31608159716796874 0.6804636243489584
0 0.4046924208984375 1 0.5406113588867187 0.9408809524739583 0.48247122998046876 0.7730763886718749 0.3478973212890625 0.8285658066406251 0.3892864360351562 1 0.4046924208984375 1
0 0.2407596728515625 0.5785426588541667 0.2662490078125 0.6924401451822916 0.3868447421875 0.6461160716145834 0.3530716767578125 0.5360433203125 0.2407596728515625 0.5785426588541667
0 0.22397941455078124 0.47123379622395833 0.24091914697265626 0.5732301588541667 0.3513191962890625 0.5324308860677084 0.32152877001953123 0.44214880924479166 0.22397941455078124 0.47123379622395833
0 0.3566321923828125 0.53748941796875 0.390405505859375 0.6458617727864583 0.50765575390625 0.5965628307291667 0.46304960302734377 0.49477777799479167 0.3566321923828125 0.53748941796875
0 0.325937748046875 0.44002513216145833 0.3557281748046875 0.5322483463541666 0.4599154267578125 0.49293650781250004 0.4256644345703125 0.4064510579427083 0.325937748046875 0.44002513216145833
0 0.27937772802734373 0.2867483463541667 0.2988710317382812 0.3550780423177083 0.3892353671875 0.3262546295572917 0.36520882958984374 0.2649794973958333 0.27937772802734373 0.2867483463541667
1 0.2979464287109375 0.3611068118489584 0.32167460302734374 0.4397281744791666 0.4188030751953125 0.40449140234375003 0.3897876982421875 0.33166038346354165 0.2979464287109375 0.3611068118489584
3 0.5585749008789063 0.42853273828125 0.6086130952148437 0.5220704361979166 0.7113799604492187 0.4794880950520833 0.6532710815429688 0.390016865234375 0.5585749008789063 0.42853273828125
1 0.395655505859375 0.19325826692708334 0.42167683544921875 0.24423941796875 0.5039930556640625 0.21945072721354167 0.47218377978515624 0.170330357421875 0.395655505859375 0.19325826692708334