0 0.5339595732421875 0.8120896165364583 0.4646480654296875 0.7368369707031249 0.3841240078125 0.7916898151041667 0.38310441455078126 0.7933406087239584 0.4446019345703125 0.8773690475260416 0.5339595732421875 0.8120896165364583
0 0.62249851171875 0.7577275130208333 0.5491448413085938 0.6890615078125001 0.4706416171875 0.7373115078125 0.53796726171875 0.8121008600260416 0.62249851171875 0.7577275130208333
2 0.46115277783203124 0.734378306640625 0.414904513671875 0.6788111770833334 0.3303874008789062 0.7195413359375 0.3780897817382812 0.7893313489583332 0.46115277783203124 0.734378306640625
3 0.5420359624023438 0.69015773828125 0.48704414697265624 0.6382748014322916 0.41709622998046875 0.6766498014322916 0.46495535693359374 0.7328306881510417 0.5420359624023438 0.69015773828125
2 0.41065377001953124 0.6769566796875001 0.36150446435546874 0.6201732805989583 0.2841937001953125 0.65946924609375 0.3286011904296875 0.7190271165364583 0.41065377001953124 0.6769566796875001
2 0.4846031748046875 0.6339880950520833 0.4351336806640625 0.5836402115885416 0.364047619140625 0.6173525130208334 0.4125845732421875 0.6729771822916667 0.4846031748046875 0.6339880950520833
0 0.3361937001953125 0.6280899472656251 0.2989188989257813 0.575286044921875 0.2242284228515625 0.6111382272135416 0.25865302587890626 0.6676931217447916 0.3361937001953125 0.6280899472656251
0 0.4804610615234375 0.5553313489583334 0.43582316455078124 0.51634226171875 0.3762296625976562 0.5442791002604167 0.4167256943359375 0.5884871028645834 0.4804610615234375 0.5553313489583334
0 0.29868898828125 0.5700671295572917 0.2648653271484375 0.5267800924479167 0.19212896826171874 0.553125 0.2229613095703125 0.607463955078125 0.29868898828125 0.5700671295572917
0 0.3698965771484375 0.5424543652343751 0.3314714780273437 0.495483134765625 0.26727604150390627 0.5249553574218749 0.30040922607421877 0.5688561510416666 0.3698965771484375 0.5424543652343751
0 0.43179117041015624 0.5132893515625 0.39566691455078123 0.4678531744791667 0.33584325390625 0.494255291015625 0.37334796630859374 0.5399983463541667 0.43179117041015624 0.5132893515625
0 0.16508382958984374 0.7102691796874999 0.13701264892578124 0.6485621692708333 0.04451612109375 0.6841739420572917 0.06959598193359375 0.7578541666666667 0.16508382958984374 0.7102691796874999
0 0.34240625 0.625020171875 0.41396453369140623 0.5891011907552083 0.3727782739257812 0.5452000664062501 0.30029960302734376 0.5731372356770833 0.34240625 0.625020171875
0 0.6031599702148438 0.49015575390625 0.5576016865234374 0.45546461653645837 0.500078869140625 0.48493683854166664 0.545406994140625 0.5233115078125 0.6031599702148438 0.49015575390625
3 0.289088818359375 1 0.341343998046875 0.9598283730468751 0.2815203374023437 0.8582113092447917 0.17084647802734376 0.9288214283854167 0.20169630810546876 1 0.289088818359375 1
3 0.44166121044921874 0.8850320768229167 0.37907663671875 0.797537037109375 0.2851991567382812 0.8558670638020834 0.34525297607421873 0.9571769179687499 0.44166121044921874 0.8850320768229167
0 0.49038020849609376 0.48407109765624995 0.4534952875976562 0.44342559505208334 0.39800297607421875 0.4651765872395834 0.4353821923828125 0.5110949075520833 0.49038020849609376 0.48407109765624995
0 0.5415912700195312 0.5242771165364584 0.49466170654296876 0.4862681881510416 0.43804885888671874 0.51444708984375 0.48329960302734376 0.5537175924479166 0.5415912700195312 0.5242771165364584
1 0.2561155751953125 0.6699999999999999 0.2222876982421875 0.61282506640625 0.1398038193359375 0.6474391536458334 0.170156001953125 0.7080135579427083 0.2561155751953125 0.6699999999999999
1 0.13603596240234375 0.6474666002604167 0.10850421630859375 0.5870611770833333 0.02102033740234375 0.61640575390625 0.044563740234375 0.6799001321614583 0.13603596240234375 0.6474666002604167
1 0.22155927587890625 0.6102450397135416 0.189781994140625 0.5532718255208333 0.11103397802734374 0.5860631614583333 0.13870659716796874 0.6452529759114584 0.22155927587890625 0.6102450397135416
0 0.5535240576171875 0.45564980143229167 0.5100674604492188 0.4224933860677083 0.45737351171875 0.44315707682291666 0.4956396328125 0.48509623046875 0.5535240576171875 0.45564980143229167
0 0.6066949404296875 0.4313826061197917 0.5601961806640625 0.40054497330729166 0.5121607143554687 0.420974537109375 0.5550684521484375 0.4529457669270833 0.6066949404296875 0.4313826061197917
0 0.6589610615234375 0.46561541015624996 0.6093335815429688 0.43072023828125 0.5591845239257812 0.45448578059895833 0.60881200390625 0.4903085319010417 0.6589610615234375 0.46561541015624996
0 0.707358134765625 0.44168154752604166 0.6585128969726562 0.4080615078125 0.6128834326171875 0.429161044921875 0.6612941469726562 0.4641722884114583 0.707358134765625 0.44168154752604166
0 0.7497249501953125 0.41633895507812496 0.7020964780273438 0.39002248697916664 0.6608995537109374 0.4067166002604166 0.7115701884765625 0.4390615078125 0.7497249501953125 0.41633895507812496
1 0.6542311508789063 0.4086865078125 0.6074717260742187 0.3830654759114583 0.56225148828125 0.40018882291666663 0.6084278271484375 0.42781514518229163 0.6542311508789063 0.4086865078125
1 0.6989471728515625 0.3886025130208333 0.6512318950195313 0.3636772486979167 0.6101217758789063 0.38153075390625 0.6562728173828125 0.407151455078125 0.6989471728515625 0.3886025130208333
1 0.7413824404296875 0.36900132291666665 0.6928685517578125 0.34640674609375005 0.65386086328125 0.36324867708333336 0.7028983134765625 0.38723544986979164 0.7413824404296875 0.36900132291666665