1 0.337595486328125 0.9325238092447917 0.479531994140625 0.9225945768229167 0.45934598193359377 0.7668131614583333 0.3322579365234375 0.7695605156249999 0.337595486328125 0.9325238092447917
1 0.3290238095703125 0.6301316139322917 0.3317519838867187 0.7633214283854167 0.45657440478515626 0.7616729498697916 0.443391865234375 0.6311679895833333 0.3290238095703125 0.6301316139322917
3 0.07919841259765625 0.640555224609375 0.0917901787109375 0.7728300266927084 0.2306190478515625 0.7401349205729167 0.20816741064453126 0.6145753971354166 0.07919841259765625 0.640555224609375
0 0.3188244047851562 0.33925694466145834 0.32190377001953124 0.4203468912760417 0.417703869140625 0.42641501302083334 0.40873958349609374 0.3486018515625 0.3188244047851562 0.33925694466145834
1 0.42016765869140626 0.431400462890625 0.4321207836914063 0.520514880859375 0.5335406748046875 0.5221210319010416 0.5144072421875 0.43591964257812504 0.42016765869140626 0.431400462890625
3 0.10778695458984375 0.3080770501302083 0.17902728173828125 0.35628273828124996 0.2388125 0.29294576692708335 0.16746403759765624 0.248150462890625 0.10778695458984375 0.3080770501302083
3 0.18468229150390625 0.3569328704427083 0.2578261411132812 0.4077185846354167 0.3138623510742187 0.34299503971354167 0.24154737109375 0.29685350520833337 0.18468229150390625 0.3569328704427083
0 0.41069047607421877 0.3500449733072917 0.420641369140625 0.427545634765625 0.5122090771484376 0.432347552734375 0.49076512890625 0.35363558203125 0.41069047607421877 0.3500449733072917
1 0.3213204365234375 0.42167890234375 0.324532986328125 0.5134345240885417 0.429405505859375 0.5188630950520833 0.4182921625976562 0.430337962890625 0.3213204365234375 0.42167890234375
1 0.3246783232421875 0.5174203040364583 0.32748139892578126 0.6239566796875 0.44284102197265623 0.6277146165364583 0.42891021826171877 0.5220694446614583 0.3246783232421875 0.5174203040364583
1 0.43342038671875 0.524652447265625 0.4463182045898437 0.6303108463541667 0.5568253969726562 0.6309371692708333 0.5352249501953125 0.5255006614583334 0.43342038671875 0.524652447265625
1 0.4478194443359375 0.6358568118489584 0.46184027783203124 0.7643015872395833 0.5862527280273437 0.76369609765625 0.5596145834960937 0.6354986770833333 0.4478194443359375 0.6358568118489584