3 0.31278571435546876 0.6666511243489583 0.3193968251953125 0.5497271822916666 0.20364434521484376 0.53680191796875 0.186685763671875 0.6529338626302084 0.31278571435546876 0.6666511243489583
1 0.199907986328125 0.533723544921875 0.2170478671875 0.4403151451822917 0.1111165673828125 0.42797751302083337 0.0843368056640625 0.5229457669270833 0.199907986328125 0.533723544921875
3 0.43575049609375 0.5561583997395834 0.43207762890625 0.46144345247395835 0.3284962797851563 0.4522205690104167 0.32434176611328125 0.547339947265625 0.43575049609375 0.5561583997395834
1 0.5673330854492188 0.6856359127604167 0.5506830356445312 0.5706712962239583 0.43880233154296877 0.560506283203125 0.44417137890625 0.6768174602864584 0.5673330854492188 0.6856359127604167
1 0.5110577875976563 0.32073743359375 0.5038080356445312 0.26207208984375 0.42402926611328123 0.24933399479166665 0.4266396328125 0.30655456380208335 0.5110577875976563 0.32073743359375
2 0.4403035712890625 0.6758058860677084 0.43556622021484376 0.56288458984375 0.32426512890625 0.553087962890625 0.31877678564453127 0.66838756640625 0.4403035712890625 0.6758058860677084
3 0.31937822412109373 0.5441527779947917 0.32514558544921873 0.45183763216145834 0.222295634765625 0.4425076061197917 0.206296626953125 0.5323386243489584 0.31937822412109373 0.5441527779947917
1 0.17924752001953126 0.6503763229166667 0.1992274306640625 0.5385542330729166 0.082937251953125 0.5272556217447917 0.0500997021484375 0.6410347220052083 0.17924752001953126 0.6503763229166667
1 0.5482061010742187 0.563088955078125 0.5352562001953125 0.4709642858072917 0.435203373046875 0.46315013216145834 0.44059920654296875 0.5558918652343751 0.5482061010742187 0.563088955078125
1 0.5338658232421875 0.467044642578125 0.5226083828125 0.3898201061197917 0.43080183544921874 0.3810892858072917 0.43455952392578123 0.4595367063802083 0.5338658232421875 0.467044642578125
1 0.5222177578125 0.386962962890625 0.511764384765625 0.32135813476562497 0.4279268354492187 0.312680224609375 0.43055059521484373 0.37641600520833335 0.5222177578125 0.386962962890625
1 0.5883990576171875 0.8342883600260417 0.5689880952148437 0.690641865234375 0.44640575390625 0.6814199733072916 0.4546488095703125 0.8218743385416666 0.5883990576171875 0.8342883600260417
1 0.6133023481445312 1 0.5904667661132813 0.8424801588541667 0.45322445458984373 0.8347546295572917 0.4627006694335937 1 0.6133023481445312 1