0 0.41921825390625 0.6844107141927083 0.48444742041015626 0.7346445104166667 0.5383415180664063 0.6800304231770834 0.4739734624023437 0.64116534375 0.41921825390625 0.6844107141927083
0 0.3589489086914063 0.6409113756510417 0.414937748046875 0.6820624999999999 0.47283085302734373 0.6406574075520833 0.4143663193359375 0.6020466269531249 0.3589489086914063 0.6409113756510417
1 0.284500248046875 0.5216253307291666 0.327219494140625 0.5455076061197917 0.3735704365234375 0.5131226848958333 0.332001736328125 0.49071461653645837 0.284500248046875 0.5216253307291666
1 0.33384102197265625 0.48875198437499995 0.37626810498046875 0.5126319446614583 0.41894022802734376 0.48253670638020835 0.3766359125976563 0.46274570117187497 0.33384102197265625 0.48875198437499995
3 0.19340575390625 0.8858015872395834 0.256376240234375 0.963088955078125 0.3430503471679687 0.8822883600260417 0.2764883432617187 0.8139431217447917 0.19340575390625 0.8858015872395834
1 0.043764880859375 0.7886342591145833 0.0325089287109375 0.8737132936197917 0.134046875 0.8405575397135417 0.13803323388671876 0.7595449733072916 0.043764880859375 0.7886342591145833
3 0.35771329345703123 0.7434930553385417 0.41882440478515626 0.8000796959635417 0.479219990234375 0.7372364420572918 0.4168196923828125 0.6891015214843751 0.35771329345703123 0.7434930553385417
3 0.35642435498046876 0.6453118385416666 0.2942745537109375 0.6944497356770833 0.34990848193359375 0.7375707669270833 0.4105545634765625 0.6854242727864582 0.35642435498046876 0.6453118385416666
3 0.22358258935546876 0.7534937167968749 0.2759007934570312 0.8043220898437501 0.34778695458984377 0.7438776451822916 0.293202876953125 0.6982698411458333 0.22358258935546876 0.7534937167968749
3 0.35145709326171876 0.7479629628906249 0.28028372998046874 0.8088998014322916 0.3453725200195312 0.874564484375 0.41622891845703125 0.8039543652343749 0.35145709326171876 0.7479629628906249
2 0.13668551611328125 0.8186597220052083 0.1910220732421875 0.8812665345052083 0.2728194443359375 0.8093078704427082 0.21906696435546874 0.7552741399739583 0.13668551611328125 0.8186597220052083
1 0.03009821435546875 0.8841405423177083 0.0164521328125 0.9896193782552083 0.132093998046875 0.9480813489583334 0.13506820458984375 0.8458693782552084 0.03009821435546875 0.8841405423177083