0 0.5419601791992188 1 0.5191852680664063 0.8262473548177084 0.3720525795898437 0.827564484375 0.3777990112304688 1 0.5419601791992188 1
0 0.5165081845703124 0.8025833333333333 0.48572172607421876 0.654348544921875 0.35789012890625 0.6686362434895834 0.37328348193359373 0.819996693359375 0.5165081845703124 0.8025833333333333
1 0.37094097216796873 0.9490324075520834 0.3615711806640625 0.7619527115885417 0.21238640869140624 0.7653048938802084 0.2026183037109375 0.9561762565104166 0.37094097216796873 0.9490324075520834
1 0.36090178564453124 0.7510691139322917 0.3455086806640625 0.6068528437499999 0.21464583349609376 0.6106593912760416 0.213326884765625 0.7577665345052084 0.36090178564453124 0.7510691139322917
0 0.48319915673828123 0.6396236770833333 0.4537475200195312 0.52372023828125 0.3377259423828125 0.5364219576822916 0.35795535693359376 0.65907308203125 0.48319915673828123 0.6396236770833333
1 0.34397321435546874 0.59159523828125 0.32404141845703127 0.48085218229166665 0.2042100693359375 0.4857397486979167 0.214266865234375 0.60191534375 0.34397321435546874 0.59159523828125
1 0.44809523828125 0.5126064817708333 0.42310590283203126 0.4173435846354167 0.31690153759765627 0.4304421295572917 0.33980828369140625 0.5316590605468751 0.44809523828125 0.5126064817708333
1 0.32076884912109377 0.4685472884114583 0.29934945458984374 0.3752691796875 0.18987276806640624 0.383207671875 0.20504464306640624 0.47807374348958337 0.32076884912109377 0.4685472884114583
3 0.18022867041015625 0.3609401451822916 0.12106200390625 0.2958184524739583 0.02623586328125 0.33967592578125 0.08341046630859375 0.41144246028645837 0.18022867041015625 0.3609401451822916
3 0.1636939482421875 0.27295965625 0.1095076884765625 0.21953339973958333 0.02324776806640625 0.2538217591145833 0.07484424609375 0.3122982805989583 0.1636939482421875 0.27295965625
1 0.41704414697265624 0.41038756640625 0.38771378955078123 0.326560515625 0.29172371044921874 0.3396795638020833 0.31522122998046875 0.42617460286458336 0.41704414697265624 0.41038756640625
1 0.2965565478515625 0.36836276432291665 0.27355877978515625 0.29120667968749997 0.1747802578125 0.303108134765625 0.19040079345703126 0.3794804895833333 0.2965565478515625 0.36836276432291665
1 0.3869174106445312 0.32078836002604166 0.356063740234375 0.25393683854166665 0.26847916650390624 0.26737202408854166 0.2917978671875 0.336848544921875 0.3869174106445312 0.32078836002604166
1 0.27102802587890623 0.28645932552083336 0.246344990234375 0.22061144205729166 0.15572346240234375 0.232601521484375 0.17425272802734376 0.2993075397135417 0.27102802587890623 0.28645932552083336
1 0.3513980654296875 0.249118716796875 0.3237051088867188 0.19049834635416665 0.24240128955078125 0.20213591276041667 0.266813740234375 0.26417526432291666 0.3513980654296875 0.249118716796875
1 0.24450198388671876 0.21568716927083334 0.2193675595703125 0.16228637565104168 0.13436458349609376 0.17266402148437499 0.1551014384765625 0.22893683854166666 0.24450198388671876 0.21568716927083334
1 0.3204129462890625 0.18448544986979165 0.2919630454101563 0.13610449739583333 0.21489285693359375 0.147221560546875 0.24073387890625 0.19922123046874998 0.3204129462890625 0.18448544986979165
1 0.21793328369140624 0.157913029296875 0.19153645849609374 0.10901058203125001 0.11103497021484375 0.11846163997395832 0.13307266845703125 0.16834556901041667 0.21793328369140624 0.157913029296875
1 0.28628075390625 0.13131746028645833 0.2598819443359375 0.09017757942708333 0.18891666650390626 0.09784358463541666 0.21292137890625 0.14561144205729168 0.28628075390625 0.13131746028645833