0 0.33620163671875 0.479537037109375 0.3376884921875 0.55551058203125 0.434218501953125 0.5486455026041667 0.42644122021484376 0.47206150781249995 0.33620163671875 0.479537037109375
0 0.23572966259765624 0.5563611113281249 0.22509325390625 0.652625 0.3343184521484375 0.6489636243489584 0.33660590283203123 0.55742890234375 0.23572966259765624 0.5563611113281249
0 0.339343998046875 0.5579999999999999 0.3377881943359375 0.6507093255208333 0.445984126953125 0.6426236770833333 0.4289427084960937 0.5506316139322917 0.339343998046875 0.5579999999999999
0 0.33787648828125 0.6568872356770833 0.33746478173828126 0.7735231484375 0.45551810498046874 0.7674808203125 0.4463209326171875 0.6497460319010416 0.33787648828125 0.6568872356770833
0 0.224936259765625 0.657412037109375 0.21079737109375 0.7713015872395833 0.334204365234375 0.7702030423177083 0.3351651787109375 0.6519189817708334 0.224936259765625 0.657412037109375
1 0.33758978173828125 0.7770770501302083 0.335561755859375 0.9208078704427084 0.4731959326171875 0.909807208984375 0.45575496044921876 0.7722080026041667 0.33758978173828125 0.7770770501302083
1 0.2101103671875 0.775329365234375 0.1936160712890625 0.9217652115885416 0.3326021826171875 0.9210436510416667 0.3351708828125 0.7747883600260416 0.2101103671875 0.775329365234375
2 0.44641096240234374 0.6221984127604167 0.4573816962890625 0.7299708997395834 0.5663154760742187 0.7180919309895833 0.5490203374023438 0.6116967591145833 0.44641096240234374 0.6221984127604167
2 0.553123759765625 0.6135138886718751 0.5716852680664063 0.718292328125 0.688234126953125 0.7053802910156249 0.651578869140625 0.602256283203125 0.553123759765625 0.6135138886718751
3 0.532202380859375 0.52561541015625 0.5505615078125 0.6053931881510416 0.6509766865234375 0.5964408066406249 0.6274863588867188 0.5107046959635416 0.532202380859375 0.52561541015625
0 0.4853238232421875 1 0.47611309521484374 0.9176388886718749 0.33589384912109377 0.9261636907552083 0.33566188232421873 1 0.4853238232421875 1
0 0.2603058037109375 0.34888194466145833 0.25305853173828124 0.40226256640625 0.337829861328125 0.4080790345052083 0.33885590283203126 0.3475218255208334 0.2603058037109375 0.34888194466145833
0 0.34062152783203126 0.34327876953125 0.34087797607421877 0.4062308203125 0.41769816455078124 0.4022962962239583 0.41218353173828126 0.340370701171875 0.34062152783203126 0.34327876953125
0 0.3405089287109375 0.293274470703125 0.3396780751953125 0.341046626953125 0.41445783740234377 0.337421626953125 0.4102408232421875 0.29117328059895836 0.3405089287109375 0.293274470703125
0 0.2651103671875 0.299702380859375 0.26051711328125 0.3439527115885417 0.33701041650390623 0.3432969576822917 0.33720709326171877 0.29477281770833336 0.2651103671875 0.299702380859375
1 0.27072271826171873 0.257223544921875 0.2666113588867188 0.2975492727864583 0.3378787202148438 0.29324768489583336 0.33828174609375 0.25238425911458334 0.27072271826171873 0.257223544921875