2 0.37618502001953125 0.748986111328125 0.3784660219726563 0.6675181881510417 0.26681398828125 0.6632156087239583 0.25428621044921873 0.7527043652343749 0.37618502001953125 0.748986111328125
2 0.3764384921875 0.6604193118489583 0.37263715283203125 0.5813181217447917 0.27225049609375 0.585151455078125 0.2672110615234375 0.6600813489583334 0.3764384921875 0.6604193118489583
2 0.4876934521484375 0.6563630950520833 0.47299454345703124 0.5775998678385417 0.3755458828125 0.5795753971354166 0.38302777783203124 0.663461970703125 0.4876934521484375 0.6563630950520833
3 0.5001113588867188 0.7473313489583333 0.489467509765625 0.6634973548177083 0.3826552578125 0.6660036373697916 0.38176041650390624 0.7466550924479166 0.5001113588867188 0.7473313489583333
3 0.2379290673828125 0.8832936510416666 0.24908010888671875 0.7609232805989583 0.12033854150390624 0.7622754628906251 0.09398189501953125 0.8890403437500001 0.2379290673828125 0.8832936510416666
0 0.38354141845703127 0.8702185846354166 0.37974007958984374 0.7515667988281249 0.254686259765625 0.7574497356770834 0.242888888671875 0.8790079361979166 0.38354141845703127 0.8702185846354166
0 0.44639211328125 0.5762007272135417 0.4372269345703125 0.5125744049479167 0.34407564501953125 0.5093667330729167 0.34557514892578123 0.5775899472656251 0.44639211328125 0.5762007272135417
0 0.343092013671875 0.5079358463541667 0.3460389384765625 0.4508736770833333 0.26114583349609377 0.449098544921875 0.2547765375976562 0.5116130950520833 0.343092013671875 0.5079358463541667
0 0.7497519838867187 0.5631593912760416 0.7215672124023438 0.5009599869791667 0.6230049604492187 0.50729993359375 0.6486485615234375 0.5709123678385416 0.7497519838867187 0.5631593912760416
0 0.5308896328125 0.8724464283854166 0.5067269345703125 0.7519801588541667 0.3833683037109375 0.7531851848958334 0.38848784716796875 0.8719179895833333 0.5308896328125 0.8724464283854166
0 0.34350322412109374 0.58023941796875 0.3416671625976562 0.5120145501302084 0.25277802587890624 0.5143290345052084 0.24501016845703125 0.5786650130208334 0.34350322412109374 0.58023941796875
1 0.24095560498046875 0.5809646165364584 0.2503983134765625 0.5146640214843751 0.1597743056640625 0.512214947265625 0.14233134912109374 0.5783406087239583 0.24095560498046875 0.5809646165364584
0 0.13905704345703124 0.578683201171875 0.15807366064453124 0.5125575397135417 0.0660089287109375 0.5085578704427084 0.03794122021484375 0.5781583997395833 0.13905704345703124 0.578683201171875
1 0.25189459326171876 0.5115833333333334 0.25923908740234375 0.45018088606770834 0.17609052587890625 0.4496560846354167 0.16245089306640625 0.51088359765625 0.25189459326171876 0.5115833333333334
0 0.43658382958984376 0.50852215625 0.42886954345703127 0.447604828125 0.34753670654296875 0.45062003971354164 0.34694146826171873 0.5052294973958333 0.43658382958984376 0.50852215625
0 0.5265347221679687 0.5070816796875001 0.513420138671875 0.44204828059895834 0.43180084326171875 0.446164021484375 0.440749751953125 0.5095512565104167 0.5265347221679687 0.5070816796875001
0 0.5447700893554688 0.5730089283854166 0.5287239584960938 0.5127089947916667 0.440467509765625 0.5137619049479166 0.45065327392578125 0.5765076061197917 0.5447700893554688 0.5730089283854166
0 0.6175806049804687 0.5035367063802083 0.59937450390625 0.44364814843749995 0.5178673115234375 0.4434910716145833 0.530406994140625 0.506829365234375 0.6175806049804687 0.5035367063802083
0 0.6450441469726562 0.571451388671875 0.6192777778320312 0.5076527779947917 0.5318705356445312 0.51138558203125 0.5495389384765625 0.5739209654947917 0.6450441469726562 0.571451388671875
0 0.7139308037109375 0.49943518489583333 0.6860042163085938 0.44489748697916665 0.6031599702148438 0.4441699733072917 0.6219739584960937 0.506226521484375 0.7139308037109375 0.49943518489583333