1 0.4893227197265625 1 0.48094866064453123 0.8804315475260417 0.33750446435546877 0.8814533730468751 0.3343641435546875 1 0.4893227197265625 1
1 0.649175583984375 1 0.631250744140625 0.8829695768229167 0.4866331845703125 0.8793604498697917 0.49547027880859373 1 0.649175583984375 1
3 0.34174479150390624 0.7209308860677083 0.3379397319335937 0.8761574075520833 0.4806316962890625 0.8715049602864583 0.46921627001953126 0.7192390872395834 0.34174479150390624 0.7209308860677083
3 0.47250520849609373 0.7188945104166667 0.4872904267578125 0.8727738092447916 0.628079861328125 0.870659060546875 0.6004928076171875 0.716701388671875 0.47250520849609373 0.7188945104166667
3 0.3444965278320313 0.589732142578125 0.34318278759765625 0.7123488756510418 0.46776264892578123 0.7120013229166666 0.45916195458984377 0.5865023151041667 0.3444965278320313 0.589732142578125
3 0.46362872021484375 0.589732142578125 0.4719327875976562 0.7113058860677084 0.5991187998046875 0.7071342591145834 0.5777475200195312 0.5861544309895833 0.46362872021484375 0.589732142578125
3 0.3478115078125 0.484876984375 0.3452571923828125 0.584087962890625 0.46051264892578125 0.579848544921875 0.44997420654296877 0.4810023151041667 0.3478115078125 0.484876984375
1 0.208904513671875 0.3120294309895833 0.23349479150390626 0.3774064153645833 0.3221527778320312 0.34884589973958335 0.2943844248046875 0.28815476171875 0.208904513671875 0.3120294309895833
1 0.29840054541015626 0.287600529296875 0.32667559521484374 0.35109292317708335 0.40713690478515624 0.32253240755208334 0.3776959326171875 0.2642959654947917 0.29840054541015626 0.287600529296875
3 0.45698908740234373 0.48319543619791666 0.4658459819335937 0.5837526451822916 0.5778978173828125 0.5796316139322917 0.5597718251953125 0.4823710319010417 0.45698908740234373 0.48319543619791666
3 0.4494141865234375 0.391984126953125 0.45698487109375 0.47681911393229165 0.5598663193359374 0.47551653450520837 0.5450525795898438 0.3934388229166667 0.4494141865234375 0.391984126953125
3 0.34921627001953126 0.3934166666666667 0.3482430556640625 0.47942493359375 0.45161284716796873 0.4770363756510417 0.44461309521484377 0.393221560546875 0.34921627001953126 0.3934166666666667
1 0.3843995537109375 0.26301025130208333 0.413735119140625 0.3216951061197917 0.4922752978515625 0.30010019856770836 0.460029513671875 0.24513128320312502 0.3843995537109375 0.26301025130208333
1 0.4649451884765625 0.244723544921875 0.49719122021484374 0.2994953704427083 0.5742433037109375 0.2811306217447917 0.5394610615234375 0.22780886263020836 0.4649451884765625 0.244723544921875
1 0.3625166171875 0.20445171940104168 0.38903125 0.258680224609375 0.4640302578125 0.24160449739583334 0.4348035712890625 0.18892691796875002 0.3625166171875 0.20445171940104168
1 0.2827991069335937 0.22624107161458332 0.30758234130859374 0.28088161393229166 0.38523834326171874 0.2589728834635417 0.3569779267578125 0.20677876953125 0.2827991069335937 0.22624107161458332