0 0.33821825390625 0.83211640234375 0.42055084326171877 0.881181216796875 0.4659434521484375 0.8043482141927084 0.3878370537109375 0.760711970703125 0.33821825390625 0.83211640234375
0 0.2576155751953125 0.7868707011718751 0.334812251953125 0.8314540345052084 0.38310466259765624 0.7611679895833333 0.31268799609375 0.7257867063802084 0.2576155751953125 0.7868707011718751
3 0.362265873046875 0.672609126953125 0.42679117041015624 0.7005162037760417 0.463062251953125 0.6552652115885417 0.400687748046875 0.629444775390625 0.362265873046875 0.672609126953125
1 0.6106440971679687 0.681265873046875 0.666107638671875 0.7358525130208333 0.727829861328125 0.7117060182291667 0.669092509765625 0.6596881614583333 0.6106440971679687 0.681265873046875
1 0.43695064501953124 0.5256276451822917 0.47105183544921875 0.5531868385416666 0.5194501489257812 0.5396825397135416 0.48438616064453127 0.5122347884114583 0.43695064501953124 0.5256276451822917
3 0.43239211328125 0.706993716796875 0.3924484125976562 0.7573227513020834 0.467313244140625 0.7990631614583333 0.50395362109375 0.743057208984375 0.43239211328125 0.706993716796875
3 0.3601636904296875 0.6760542330729167 0.316593005859375 0.7216583997395833 0.3859124501953125 0.7549451061197917 0.42532539697265626 0.7058078704427083 0.3601636904296875 0.6760542330729167
3 0.46670858154296874 0.657751984375 0.4328516865234375 0.7023733463541667 0.5067261904296875 0.7380376985677084 0.5376230161132812 0.6886359127604167 0.46670858154296874 0.657751984375
3 0.4351314482421875 0.5903376321614583 0.402655505859375 0.626618716796875 0.46451512890625 0.6522853834635417 0.49501760888671875 0.6115992063802084 0.4351314482421875 0.5903376321614583
1 0.5581483134765625 0.6309467591145833 0.60542237109375 0.6763544973958333 0.6649662700195312 0.6569398151041667 0.6139630454101562 0.613617724609375 0.5581483134765625 0.6309467591145833
1 0.5131597221679688 0.5889083997395833 0.5546599702148437 0.6278981484375 0.6089109624023438 0.6116924602864583 0.5650049604492188 0.5744675924479167 0.5131597221679688 0.5889083997395833
1 0.4735791171875 0.5549027779947916 0.5089030258789062 0.5859742063802084 0.5619437001953125 0.5731372356770833 0.5208236606445312 0.5407529759114583 0.4735791171875 0.5549027779947916