3 0.4344126982421875 0.7785228177083333 0.3959511411132812 0.6301775794270833 0.2657281748046875 0.6654804895833334 0.29215079345703127 0.8199361770833334 0.4344126982421875 0.7785228177083333
3 0.5738940971679688 0.7327830690104166 0.5231525297851563 0.5967996028645833 0.4006941962890625 0.630305224609375 0.44066840283203124 0.7738872356770834 0.5738940971679688 0.7327830690104166
1 0.4096632758789063 1 0.4870079365234375 0.9730476191406251 0.43811979150390623 0.7848343255208333 0.292874255859375 0.831161044921875 0.3223605595703125 1 0.4096632758789063 1
3 0.39422867041015625 0.6224844576822917 0.3631812998046875 0.5022628971354167 0.2429305556640625 0.5291504628906251 0.26633209326171875 0.6564801588541667 0.39422867041015625 0.6224844576822917
1 0.36023883935546874 0.49785185156249995 0.33313020849609376 0.3930830026041667 0.22423288671875 0.41904332031249997 0.24184176611328126 0.5244305553385417 0.36023883935546874 0.49785185156249995
1 0.23684052587890625 0.5285853177083334 0.2183045634765625 0.41979861132812496 0.10384647802734374 0.44452281770833335 0.11056572412109375 0.553618716796875 0.23684052587890625 0.5285853177083334
1 0.5849422124023438 0.447395171875 0.5443953374023438 0.35375198437500005 0.44522916650390626 0.37322255273437505 0.4804469248046875 0.4715013229166667 0.5849422124023438 0.447395171875
2 0.5201763393554687 0.5903809524739584 0.478280009765625 0.476580357421875 0.36820709326171874 0.5007123014322917 0.40153372998046877 0.6213713626302083 0.5201763393554687 0.5903809524739584
1 0.642142361328125 0.9167857141927084 0.5773896328125 0.74317890234375 0.4439771826171875 0.783881283203125 0.49288764892578124 0.9681765872395833 0.642142361328125 0.9167857141927084
1 0.4756954365234375 0.47098412695312497 0.44011954345703125 0.37438227539062496 0.339563244140625 0.39447751302083334 0.3667896826171875 0.4954371692708333 0.4756954365234375 0.47098412695312497
1 0.69068601171875 0.42183399479166667 0.6427395834960937 0.333382275390625 0.549280505859375 0.35345932552083337 0.5905674604492187 0.44524768489583333 0.69068601171875 0.42183399479166667