1 0.3820521162109375 1 0.381814236328125 0.8898865742187501 0.25209945458984373 0.8897559524739583 0.24186205126953125 1 0.3820521162109375 1
1 0.38499429541015623 0.8309537037760416 0.3888814482421875 0.9808786373697916 0.526689236328125 0.976164021484375 0.5061946923828125 0.8290677910156251 0.38499429541015623 0.8309537037760416
3 0.2648236606445312 0.7561511243489584 0.25248660693359376 0.881871693359375 0.38110739111328124 0.8795142194010417 0.3786339287109375 0.7574054231770834 0.2648236606445312 0.7561511243489584
3 0.3825230654296875 0.7116160716145834 0.3860545634765625 0.8201097884114583 0.5044280751953125 0.8172810846354167 0.4906473212890625 0.707430224609375 0.3825230654296875 0.7116160716145834
3 0.27586334326171874 0.6544834654947916 0.2661582338867188 0.7527314817708333 0.37719990087890626 0.7520625 0.37644816455078123 0.6537367727864584 0.27586334326171874 0.6544834654947916
3 0.3809598212890625 0.6129348548177084 0.3819625498046875 0.7049064153645833 0.48673759912109377 0.7012275130208333 0.4769620537109375 0.612600529296875 0.3809598212890625 0.6129348548177084
3 0.2848896328125 0.5694864420572917 0.27743799609375 0.6493888886718749 0.378453373046875 0.6470479498697916 0.3759466767578125 0.5674507272135417 0.2848896328125 0.5694864420572917
3 0.2893363095703125 0.49644411393229165 0.2847859624023438 0.5639682539062499 0.37541964306640624 0.5622529759114584 0.37477678564453126 0.49478472200520834 0.2893363095703125 0.49644411393229165
3 0.37806622021484376 0.4687962962239583 0.3787978671875 0.5297344576822917 0.465360615234375 0.528305224609375 0.4585042163085937 0.4685558860677083 0.37806622021484376 0.4687962962239583
3 0.37903075390625 0.53566534375 0.38094866064453126 0.6094890872395834 0.47651016845703126 0.6077738092447916 0.467296875 0.533444775390625 0.37903075390625 0.53566534375
1 0.3672383432617187 0.42915476171875006 0.4347579365234375 0.4568912037760417 0.46706497998046875 0.413785052734375 0.40176909716796877 0.38850363736979165 0.3672383432617187 0.42915476171875006
1 0.473390625 0.41606481510416665 0.43743253955078126 0.460388888671875 0.5118616069335937 0.487307208984375 0.5434873510742187 0.44274636263020833 0.473390625 0.41606481510416665
1 0.2340252978515625 0.3822046959635417 0.29562003955078126 0.40261805533854167 0.3320166171875 0.36424107161458336 0.2736728671875 0.345507275390625 0.2340252978515625 0.3822046959635417
3 0.29391914697265625 0.43763458984375 0.2906515375976563 0.49320039713541663 0.37330729150390624 0.49041600520833334 0.3719156748046875 0.43584689127604165 0.29391914697265625 0.43763458984375
1 0.2972993549804688 0.40430092578125 0.36299801611328125 0.42894775130208335 0.3979002978515625 0.3860439817708334 0.3366011904296875 0.36452678580729164 0.2972993549804688 0.40430092578125
1 0.40979737109375 0.3878809524739583 0.47616071435546875 0.4125958997395833 0.503953869140625 0.3718667330729167 0.4406155751953125 0.34929530403645837 0.40979737109375 0.3878809524739583
1 0.34482490087890627 0.3638988092447917 0.40674528759765627 0.38571362434895834 0.4365238095703125 0.34864120377604163 0.3764940478515625 0.3293482141927083 0.34482490087890627 0.3638988092447917
1 0.28166914697265627 0.3440816796875 0.34084796630859376 0.3622397486979167 0.37166641845703124 0.32756316145833336 0.31579637890625 0.31167493359375004 0.28166914697265627 0.3440816796875
1 0.4801316962890625 0.41473478841145833 0.5508077875976563 0.4424199733072917 0.5779037700195313 0.39784788346354166 0.5105533232421875 0.3745224869791666 0.4801316962890625 0.41473478841145833