3 0.44808277587890627 1 0.44187971240234375 0.8830608463541667 0.296313244140625 0.8775294309895832 0.2911574365234375 1 0.44808277587890627 1
3 0.309548115234375 0.7275347220052083 0.29944047607421875 0.86824041015625 0.4412261904296875 0.8717275130208333 0.4343655751953125 0.7309338626302083 0.309548115234375 0.7275347220052083
1 0.33284127001953123 0.36356481510416666 0.32823983154296876 0.42783895507812497 0.42065104150390625 0.4298667330729167 0.41821924609375 0.364161044921875 0.33284127001953123 0.36356481510416666
1 0.33523586328125 0.3051835319010417 0.33265426611328125 0.361796626953125 0.4171622021484375 0.3609854498697917 0.41609821435546873 0.30399966927083333 0.33523586328125 0.3051835319010417
3 0.48778323388671874 0.42994212955729166 0.5608916171875 0.48611673307291664 0.6134809028320313 0.4305505950520833 0.5420446430664062 0.3810684524739583 0.48778323388671874 0.42994212955729166
3 0.56218898828125 0.4920770501302083 0.6486123510742188 0.553421626953125 0.6993777280273438 0.4909606484375 0.6179099702148437 0.4341775794270833 0.56218898828125 0.4920770501302083
3 0.31800297607421874 0.611560515625 0.31008382958984376 0.7203422617187499 0.433076388671875 0.7245691139322917 0.42733283740234373 0.6149345240885417 0.31800297607421874 0.611560515625
3 0.3235590278320313 0.5139487434895833 0.3179677578125 0.6056078040364583 0.4274923115234375 0.6077212304687499 0.42293700390625 0.5179001321614584 0.3235590278320313 0.5139487434895833
3 0.32777777783203127 0.43338822721354164 0.32458878955078124 0.5096117727864583 0.42273065478515626 0.5125350527343749 0.41913045654296877 0.4352843912760416 0.32777777783203127 0.43338822721354164
3 0.3386971728515625 0.2563458997395833 0.33610887890625 0.3013356484375 0.4136473212890625 0.30171560872395836 0.4126495537109375 0.25418551562499997 0.3386971728515625 0.2563458997395833
3 0.34215972216796875 0.21306481510416667 0.339844990234375 0.25381944466145834 0.41317410693359374 0.25196693098958334 0.41104464306640626 0.21108862434895834 0.34215972216796875 0.21306481510416667
2 0.49154935498046876 0.43885119075520834 0.430827876953125 0.48805158723958336 0.4959434521484375 0.5450674602864584 0.5569312998046875 0.4887622356770833 0.49154935498046876 0.43885119075520834
3 0.49822395849609374 0.5490046295572917 0.5866001982421875 0.6180439817708333 0.6433717758789063 0.55470965625 0.5595907739257813 0.4936699733072916 0.49822395849609374 0.5490046295572917