2 0.5173526787109375 0.9907423938802083 0.4901396328125 0.8047364420572917 0.349298611328125 0.8101507936197917 0.3581312001953125 0.9999788359375 0.5173526787109375 0.9907423938802083
3 0.486797619140625 0.79589715625 0.4626875 0.6592592591145833 0.33793253955078123 0.66125958984375 0.3469114584960937 0.8013118385416668 0.486797619140625 0.79589715625
3 0.27221502978515627 0.33317394205729167 0.19545039697265626 0.36932705013020833 0.25335664697265625 0.42808796289062495 0.3304608134765625 0.38923048958333334 0.27221502978515627 0.33317394205729167
1 0.49151016845703127 0.33495701041666665 0.46453546630859377 0.28049272460937497 0.3884342758789063 0.28016765885416667 0.4122574404296875 0.3340013229166667 0.49151016845703127 0.33495701041666665
1 0.6037053569335937 0.39356150781250004 0.5702854663085938 0.33304596549479165 0.49534771826171875 0.33675859765625 0.5249300595703125 0.39929464257812497 0.6037053569335937 0.39356150781250004
3 0.3119365078125 0.24619973567708334 0.318859126953125 0.205431216796875 0.24498759912109375 0.192058201171875 0.23268377978515625 0.23250396809895835 0.3119365078125 0.24619973567708334
3 0.1637879462890625 0.23138988085937498 0.12320659716796875 0.18679927278645833 0.04996453369140625 0.21211574088541665 0.089548115234375 0.257507275390625 0.1637879462890625 0.23138988085937498
3 0.45933283740234376 0.6494017858072917 0.4432666171875 0.5442503307291667 0.33370089306640627 0.5403333333333333 0.3380860615234375 0.6511160716145833 0.45933283740234376 0.6494017858072917
3 0.3323504462890625 0.39345965624999996 0.2553194443359375 0.434785052734375 0.32540897802734375 0.5088544973958333 0.39939260888671874 0.4575929231770834 0.3323504462890625 0.39345965624999996
3 0.2688836806640625 0.33281216927083335 0.21635739111328126 0.28341170638020835 0.14264260888671876 0.312149470703125 0.19089558544921875 0.36392493359375 0.2688836806640625 0.33281216927083335
3 0.21463616064453125 0.2806299602864583 0.167095486328125 0.235266865234375 0.09266840283203125 0.25996726171875 0.13807242041015624 0.30889252669270834 0.21463616064453125 0.2806299602864583
2 0.22805183544921875 0.23084193098958336 0.24089012890625 0.189495701171875 0.17540228173828126 0.17391534374999998 0.15958035693359374 0.21510548958333334 0.22805183544921875 0.23084193098958336
3 0.2431083828125 0.18571428580729166 0.25328670654296875 0.14452215625 0.18227058544921876 0.12816898177083333 0.16827554541015624 0.16889814843749998 0.2431083828125 0.18571428580729166
3 0.32102752978515625 0.20232407421874998 0.32519122021484376 0.15974338606770833 0.2559456845703125 0.145159060546875 0.24492237109375 0.18874768489583335 0.32102752978515625 0.20232407421874998
1 0.5217333828125 0.39726355794270835 0.49298983154296877 0.33927017187499997 0.41273859130859375 0.337048611328125 0.4357440478515625 0.39855224869791667 0.5217333828125 0.39726355794270835
1 0.46077852197265623 0.2751984127604167 0.43577901806640623 0.22864219596354166 0.365248263671875 0.227998015625 0.387953373046875 0.27745370377604167 0.46077852197265623 0.2751984127604167
1 0.5331587299804688 0.26910681184895835 0.5032073413085938 0.22190641536458333 0.43804885888671874 0.2278356484375 0.4649228671875 0.27683928580729167 0.5331587299804688 0.26910681184895835
1 0.5677447915039062 0.328214947265625 0.535498759765625 0.27489318815104163 0.46569270849609373 0.27795403450520834 0.49359102197265625 0.33449768489583337 0.5677447915039062 0.328214947265625
1 0.43327108154296873 0.22602810872395832 0.408140873046875 0.18010086002604167 0.3433353173828125 0.18146362434895832 0.3645706845703125 0.22776951041666668 0.43327108154296873 0.22602810872395832
1 0.502000744140625 0.21783333333333332 0.4731173115234375 0.17582374348958332 0.4120865576171875 0.18213591276041666 0.436890376953125 0.22566931184895833 0.502000744140625 0.21783333333333332