0 0.4072264384765625 0.6886914680989583 0.4363506943359375 0.7850066139322917 0.5369627978515625 0.7591170638020833 0.5003226684570312 0.6703525130208333 0.4072264384765625 0.6886914680989583
0 0.38434871044921876 0.6089460976562501 0.40684052587890623 0.6851464947916667 0.49814409716796876 0.6695601848958334 0.4680396826171875 0.5926835319010416 0.38434871044921876 0.6089460976562501
3 0.2031021826171875 0.748020171875 0.21062822412109375 0.8515787037760417 0.3215391865234375 0.8196130950520834 0.30430853173828126 0.7226590605468749 0.2031021826171875 0.748020171875
1 0.0597752978515625 0.6067056881510416 0.13361135888671874 0.6237705026041667 0.1778680556640625 0.5600376985677084 0.10739558544921875 0.5444335319010417 0.0597752978515625 0.6067056881510416
1 0.02008134912109375 0.5499546959635416 0.08773487109375 0.5678148151041666 0.12987747998046875 0.511414021484375 0.0672978671875 0.497501984375 0.02008134912109375 0.5499546959635416
3 0.3861971728515625 0.39837566145833336 0.404935763671875 0.436381283203125 0.4701354165039062 0.42080224869791666 0.44870163671875 0.38450859765624995 0.3861971728515625 0.39837566145833336
3 0.43123189501953124 0.34917791015625 0.44945709326171873 0.38084953710937497 0.5095228173828125 0.36749603190104163 0.4879608134765625 0.3371944446614583 0.43123189501953124 0.34917791015625
3 0.293873263671875 0.6354325397135416 0.3085868056640625 0.7131008600260417 0.40140674609375 0.6870026451822917 0.3793365576171875 0.6135102513020834 0.293873263671875 0.6354325397135416
3 0.19656398828125 0.6606878307291667 0.2035 0.7411838626302084 0.30258110107421876 0.715294642578125 0.2875545634765625 0.6376263229166667 0.19656398828125 0.6606878307291667
3 0.0922127978515625 0.7781259921875 0.0899905751953125 0.888373015625 0.2064459326171875 0.8543409394531251 0.19861954345703126 0.7522450397135416 0.0922127978515625 0.7781259921875
3 0.3103673115234375 0.7199166666666666 0.32813665673828124 0.8181253307291666 0.4312728173828125 0.7858406087239583 0.40429414697265625 0.6926878307291666 0.3103673115234375 0.7199166666666666
1 0.0003511904296875 0.6861488092447917 0.08019890869140625 0.703850529296875 0.13273015869140625 0.6269950397135416 0.056421626953125 0.6104732141927084 0.0003511904296875 0.6861488092447917
1 0.1098427578125 0.541003306640625 0.17973735107421876 0.5561974205729167 0.2172281748046875 0.502059193359375 0.152531498046875 0.4884877643229167 0.1098427578125 0.541003306640625
3 0.45049851171875 0.3825059524739583 0.47293973193359373 0.4184669309895834 0.5371991567382812 0.4055945768229167 0.510545634765625 0.3701441796875 0.45049851171875 0.3825059524739583
1 0.4046941962890625 0.439392857421875 0.4262256943359375 0.48482010611979165 0.49699528759765627 0.46704398177083334 0.47195014892578124 0.4235228177083334 0.4046941962890625 0.439392857421875
1 0.4744603173828125 0.42270965624999995 0.49896627001953126 0.4671911373697917 0.5688169643554688 0.4518667330729167 0.5388700395507813 0.408652447265625 0.4744603173828125 0.42270965624999995
3 0.36990625 0.36256249999999995 0.38490922607421874 0.3960426588541666 0.44726264892578127 0.38198115104166663 0.4283033232421875 0.350042328125 0.36990625 0.36256249999999995