2 0.48829637890625 0.4448458997395834 0.49997420654296876 0.39796626953125 0.43091790673828123 0.387931216796875 0.41441195458984376 0.433462962890625 0.48829637890625 0.4448458997395834
2 0.4715716767578125 0.5034560182291666 0.39162152783203125 0.4890482805989584 0.36881026806640627 0.5506957669270833 0.4555210815429688 0.5666071425781251 0.4715716767578125 0.5034560182291666
2 0.4106865078125 0.7386398808593749 0.43406101171875 0.6470443118489583 0.34050247998046873 0.6283214283854167 0.30846577392578123 0.714025462890625 0.4106865078125 0.7386398808593749
2 0.38011235107421876 0.8559345240885418 0.4100850693359375 0.7410671295572917 0.30596304541015623 0.7161541002604167 0.2682733134765625 0.82639715625 0.38011235107421876 0.8559345240885418
3 0.3438673740234375 1 0.3790880454101562 0.8595912695312501 0.2655533232421875 0.828162037109375 0.21837078369140625 0.964714947265625 0.3267031298828125 1 0.3438673740234375 1
3 0.43560515869140626 0.6451286373697916 0.45518353173828124 0.5687919973958333 0.36864260888671874 0.5526613756510417 0.34235615087890625 0.626044642578125 0.43560515869140626 0.6451286373697916
3 0.5116760913085937 0.35311111132812495 0.5201374008789063 0.31632043619791667 0.45772073388671874 0.30899140234375 0.4457428076171875 0.3449027779947917 0.5116760913085937 0.35311111132812495
3 0.4711396328125 0.49861044986979164 0.4869427084960937 0.44701653450520834 0.41409771826171876 0.4359748678385416 0.39302703369140624 0.48716732812499997 0.4711396328125 0.49861044986979164
3 0.499423611328125 0.39488359765625 0.5096929565429688 0.35473941796874997 0.445969494140625 0.34773941796875 0.43191046630859375 0.38606812174479166 0.499423611328125 0.39488359765625
2 0.528076884765625 0.280373015625 0.5347624008789063 0.25261640234375 0.47826884912109374 0.24826884895833334 0.46941021826171875 0.2752450397135417 0.528076884765625 0.280373015625
3 0.5202574404296875 0.31347123046875 0.5275282739257813 0.28292791015625 0.46936309521484376 0.27724305533854166 0.45833184521484377 0.30689451041666665 0.5202574404296875 0.31347123046875