2 0.383485615234375 0.9472526451822917 0.3846170634765625 0.8009236113281251 0.24815302587890625 0.7998088626302083 0.234904513671875 0.9583154759114584 0.383485615234375 0.9472526451822917
2 0.3838665673828125 0.7900228177083334 0.379407986328125 0.6564404759114583 0.257311259765625 0.6651326061197916 0.25148090283203123 0.789108134765625 0.3838665673828125 0.7900228177083334
1 0.215126240234375 0.6601001985677083 0.2298740078125 0.5493915345052084 0.11941989111328125 0.5481554231770833 0.0957735615234375 0.6637602513020834 0.215126240234375 0.6601001985677083
0 0.4726951884765625 0.6463759921875 0.4596624501953125 0.5411570768229167 0.345111111328125 0.5397847220052083 0.3478549106445312 0.6472910052083333 0.4726951884765625 0.6463759921875
0 0.3420243056640625 0.532464947265625 0.34614012890625 0.44097023828125 0.24223239111328124 0.44326521158854165 0.23433258935546875 0.54161441796875 0.3420243056640625 0.532464947265625
2 0.5204791665039062 0.7814894179687499 0.5039449404296875 0.6524166666666666 0.3837715771484375 0.6556643515625 0.39172941455078125 0.789443783203125 0.5204791665039062 0.7814894179687499
3 0.5388224204101563 0.9478789680989584 0.522017361328125 0.7953055553385416 0.3921830356445313 0.7971130950520834 0.39164112109375 0.9478789680989584 0.5388224204101563 0.9478789680989584
0 0.3432415673828125 0.6554203040364583 0.339922123046875 0.541681216796875 0.2338340771484375 0.547963955078125 0.22332440478515625 0.6581878307291666 0.3432415673828125 0.6554203040364583
0 0.4590709326171875 0.5325165345052083 0.45056473193359375 0.43261441796875005 0.34955183544921875 0.43977810872395834 0.34807490087890625 0.5339001321614584 0.4590709326171875 0.5325165345052083
0 0.5718526787109375 0.52767493359375 0.5569146826171875 0.42417526432291663 0.45380257958984377 0.4310935846354167 0.4645910219726562 0.5329328704427083 0.5718526787109375 0.52767493359375
0 0.596388888671875 0.64027976171875 0.5739821430664063 0.5345661373697916 0.46492708349609374 0.5402037037760417 0.47626413671875 0.6477516536458333 0.596388888671875 0.64027976171875
0 0.6825815971679687 0.5185257936197917 0.663079365234375 0.420284060546875 0.5610044643554688 0.424711970703125 0.5763571430664063 0.5254441139322917 0.6825815971679687 0.5185257936197917
0 0.7174365078125 0.6330949075520833 0.6863159721679688 0.5259976848958333 0.5778095239257812 0.5329160052083334 0.601046130859375 0.6402900130208333 0.7174365078125 0.6330949075520833
1 0.22998090283203124 0.5446944446614583 0.23857390869140624 0.441986111328125 0.1376478173828125 0.44490806901041663 0.1219781748046875 0.5442450397135417 0.22998090283203124 0.5446944446614583