0 0.24512103173828126 0.521835978515625 0.240030505859375 0.6088693782552083 0.3474375 0.6027731484375 0.3440096728515625 0.5202169309895833 0.24512103173828126 0.521835978515625
0 0.14146627001953124 0.525145171875 0.12637747998046875 0.611911044921875 0.23585615087890624 0.606795634765625 0.24204141845703125 0.5226425266927083 0.14146627001953124 0.525145171875
0 0.2518194443359375 0.4486848548177083 0.24674752001953126 0.5198025794270833 0.3436083828125 0.51584226171875 0.34002108154296873 0.44290972200520834 0.2518194443359375 0.4486848548177083
0 0.34547122998046875 0.49187466927083334 0.350171875 0.5674474205729166 0.45037276806640625 0.563652447265625 0.4381259921875 0.4879146822916667 0.34547122998046875 0.49187466927083334
0 0.441951884765625 0.486767857421875 0.45435987109375 0.5657804231770833 0.5532001489257813 0.558520171875 0.53217038671875 0.47783234114583334 0.441951884765625 0.486767857421875
0 0.4547284228515625 0.5695618385416666 0.46981026806640624 0.6636762565104167 0.5798534228515625 0.6574464283854167 0.5559310517578125 0.5659728834635417 0.4547284228515625 0.5695618385416666
0 0.34862797607421875 0.5717285052083333 0.354779513671875 0.6671527779947916 0.4655062001953125 0.6594031087239584 0.45058308544921877 0.5696011907552083 0.34862797607421875 0.5717285052083333
1 0.557126240234375 0.5613878971354167 0.5829940478515625 0.6544401451822917 0.6903348212890625 0.651180224609375 0.6565235615234375 0.558535052734375 0.557126240234375 0.5613878971354167
3 0.4041805556640625 0.8009289023437499 0.41927752978515626 0.951483134765625 0.5603556547851563 0.93979993359375 0.5295436508789062 0.7912592591145833 0.4041805556640625 0.8009289023437499
3 0.50995163671875 0.6679857805989583 0.5321612104492187 0.7843984785156249 0.6554089780273438 0.7760535716145833 0.6186537700195313 0.6608925266927083 0.50995163671875 0.6679857805989583
1 0.04604265869140625 0.500189484375 0.0204925595703125 0.5842638886718751 0.1291329365234375 0.5807430553385416 0.14423090283203124 0.49878108463541665 0.04604265869140625 0.500189484375