2 0.2116019345703125 0.7462810846354166 0.23590401806640626 0.902536044921875 0.3771639384765625 0.8601233463541668 0.34119742041015627 0.7148088626302083 0.2116019345703125 0.7462810846354166
3 0.19009796630859374 0.61209623046875 0.20984127001953126 0.7367103177083334 0.3388516865234375 0.7082037037760417 0.309922123046875 0.5917433860677083 0.19009796630859374 0.61209623046875
3 0.3466470732421875 0.71359523828125 0.38315848193359375 0.8562992727864583 0.509562748046875 0.8149298938802083 0.4618678076171875 0.6894308860677083 0.3466470732421875 0.71359523828125
3 0.3148211806640625 0.5937460319010417 0.3445855654296875 0.706117724609375 0.46082539697265623 0.6783062167968751 0.420688740234375 0.570189484375 0.3148211806640625 0.5937460319010417
1 0.466639384765625 0.6843498678385417 0.5156691469726562 0.8160009921875 0.6332123017578125 0.7791507936197917 0.5756135913085938 0.6550423281250001 0.466639384765625 0.6843498678385417
0 0.42544295654296876 0.5693783066406249 0.46508829345703123 0.6763740078125 0.57224851171875 0.6508783066406251 0.5231835317382812 0.5476901451822916 0.42544295654296876 0.5693783066406249
1 0.5884027778320312 0.5249963626302083 0.6416304565429688 0.6222777779947917 0.7359082338867188 0.5994632936197917 0.676796626953125 0.5065621692708333 0.5884027778320312 0.5249963626302083
1 0.5432693452148437 0.4411808860677084 0.5847318950195313 0.5213488756510417 0.6724417163085937 0.5027321425781249 0.6248239086914062 0.4257099869791667 0.5432693452148437 0.4411808860677084
1 0.41388715283203126 0.2009454361979167 0.43793353173828126 0.24643683854166668 0.507922123046875 0.23821693098958333 0.480454861328125 0.19277215625 0.41388715283203126 0.2009454361979167
1 0.3916190478515625 0.15550694466145834 0.41292385888671873 0.19883796289062503 0.4783343251953125 0.19003075390625002 0.45438864111328126 0.14998776432291666 0.3916190478515625 0.15550694466145834
1 0.3717574404296875 0.11533035742187499 0.38991195458984373 0.153336970703125 0.45347371044921875 0.14828769856770832 0.43120064501953126 0.11082804231770833 0.3717574404296875 0.11533035742187499