1 0.5645298515625 1 0.5452318950195313 0.8720753971354167 0.40915327392578127 0.870399470703125 0.4165304912109375 1 0.5645298515625 1
0 0.41233894091796874 1 0.4053849204101562 0.8782205690104167 0.27045262890625 0.8758912037760417 0.265059248046875 1 0.41233894091796874 1
0 0.27935515869140626 0.7324113756510416 0.270562251953125 0.870399470703125 0.40287276806640626 0.868723544921875 0.398266865234375 0.7324113756510416 0.27935515869140626 0.7324113756510416
0 0.40077926611328124 0.7251488092447916 0.4074784228515625 0.8631369049479166 0.5431383930664062 0.8625780423177084 0.51801612109375 0.7245902779947917 0.40077926611328124 0.7251488092447916
0 0.28947371044921877 0.6145958997395834 0.28374652783203125 0.7249742063802084 0.394155009765625 0.7220026451822917 0.388109623046875 0.6150205026041666 0.28947371044921877 0.6145958997395834
0 0.39224603173828126 0.61332208984375 0.39829141845703125 0.7186061510416667 0.5156999008789063 0.719455357421875 0.500109126953125 0.6128978177083334 0.39224603173828126 0.61332208984375
0 0.2913829365234375 0.5262929895833334 0.28851934521484374 0.60992592578125 0.3919278271484375 0.6073786373697917 0.38779141845703125 0.5284156744791667 0.2913829365234375 0.5262929895833334
0 0.2944000498046875 0.4501240078125 0.29097991064453127 0.5220876321614584 0.3866217758789062 0.5229943782552083 0.381718005859375 0.4535238092447917 0.2944000498046875 0.4501240078125
0 0.3788933530273437 0.38144642838541665 0.3826307045898438 0.4476316139322916 0.46994841259765624 0.43833829361979165 0.46162450390625 0.38507308203125 0.3788933530273437 0.38144642838541665
0 0.29715872998046877 0.38383167968750004 0.2947802578125 0.44729695768229166 0.37887053564453127 0.4475238092447917 0.3776812998046875 0.38111177278645836 0.29715872998046877 0.38383167968750004
2 0.2249908232421875 0.3417433860677083 0.21123065478515626 0.39682208984375 0.29379191455078124 0.3963690475260417 0.2966798115234375 0.34378339973958333 0.2249908232421875 0.3417433860677083
2 0.14290872998046875 0.33064219596354166 0.1303680556640625 0.3854890872395833 0.20647395849609376 0.39659556901041665 0.220234126953125 0.3417433860677083 0.14290872998046875 0.33064219596354166
0 0.05909747021484375 0.3255443118489583 0.04047172607421875 0.3755211640625 0.12694022802734375 0.38504100520833334 0.1398509423828125 0.332001984375 0.05909747021484375 0.3255443118489583
3 0.1285059521484375 0.38765376953125 0.1081812998046875 0.45049140234375 0.19849627978515624 0.46222552929687505 0.2093685517578125 0.402839947265625 0.1285059521484375 0.38765376953125
3 0.07302579345703125 0.27227810872395836 0.05915922607421875 0.3226415345052083 0.13951190478515624 0.32785449739583333 0.14834573388671876 0.27753571419270834 0.07302579345703125 0.27227810872395836
0 0.37621627001953123 0.33141269856770833 0.37869022802734376 0.37836640234375 0.4593826884765625 0.38017989388020834 0.451907986328125 0.32782109765625 0.37621627001953123 0.33141269856770833
1 0.3830391865234375 0.45261640234375 0.38922296630859377 0.5238128307291666 0.48328174609375 0.5110787037760417 0.4711309521484375 0.44161871679687503 0.3830391865234375 0.45261640234375
0 0.38897867041015627 0.5272261907552084 0.39429464306640627 0.6088416002604167 0.498985119140625 0.60290873046875 0.4845562998046875 0.5155049602864583 0.38897867041015627 0.5272261907552084
2 0.2139131943359375 0.40174933854166667 0.20136954345703126 0.46241765885416664 0.2913779760742187 0.4650998678385417 0.2953995537109375 0.40008895507812503 0.2139131943359375 0.40174933854166667
0 0.036703373046875 0.3789758600260417 0.006655009765625 0.44126984114583334 0.10524727197265625 0.4506058203125 0.12624503955078126 0.39040443098958333 0.036703373046875 0.3789758600260417
3 0.08629340283203125 0.227378306640625 0.07301909716796876 0.26922949739583335 0.14928621044921875 0.2737367727864583 0.15628546630859375 0.23172453710937502 0.08629340283203125 0.227378306640625
3 0.08642633935546876 0.223141865234375 0.1578184521484375 0.22738392838541666 0.16530034716796874 0.19502976171875 0.099531994140625 0.19003968229166668 0.08642633935546876 0.223141865234375
3 0.11231398828125 0.15702876953125 0.10049727197265625 0.18714252669270834 0.16674851171875 0.19181051562499998 0.1738683037109375 0.16299735481770833 0.11231398828125 0.15702876953125
3 0.12210714306640626 0.1253538359375 0.11268551611328124 0.15398346549479167 0.17362698388671874 0.15961706380208332 0.18050570458984375 0.13096527799479166 0.12210714306640626 0.1253538359375
3 0.1244000498046875 0.122939484375 0.18123859130859374 0.12744642838541667 0.18823784716796876 0.102013888671875 0.13260615087890626 0.09815079361979166 0.1244000498046875 0.122939484375
0 0.3005605161132813 0.32867129622395835 0.296295138671875 0.380972552734375 0.377030009765625 0.37666501302083333 0.3748340771484375 0.3315211640625 0.3005605161132813 0.32867129622395835
1 0.30119990087890625 0.27751223567708333 0.30053447412109374 0.32477645507812497 0.3728730161132813 0.328222552734375 0.37196875 0.28256216927083333 0.30119990087890625 0.27751223567708333
1 0.3741649306640625 0.28462962955729165 0.37545659716796875 0.328222552734375 0.45012028759765627 0.3239150130208333 0.44366145849609373 0.28032208984375 0.3741649306640625 0.28462962955729165
0 0.30247891845703123 0.23630092578124998 0.301826388671875 0.27480853190104165 0.3705478671875 0.2787714947916667 0.3686103671875 0.2355231484375 0.30247891845703123 0.23630092578124998
1 0.3704776787109375 0.23573247330729166 0.3733814482421875 0.2811372356770833 0.4419739584960938 0.27717427278645834 0.43680679541015627 0.23306448437500002 0.3704776787109375 0.23573247330729166
1 0.3026763393554687 0.2001683203125 0.301905009765625 0.23317724869791667 0.3670689482421875 0.2309983463541667 0.36479985107421875 0.193954365234375 0.3026763393554687 0.2001683203125
1 0.367579861328125 0.19873974869791666 0.37003546630859374 0.23378736783854168 0.4352730654296875 0.23204034375000002 0.429625248046875 0.20190608463541668 0.367579861328125 0.19873974869791666
1 0.36643551611328123 0.16599305533854167 0.36778670654296874 0.196582671875 0.42945585302734374 0.20094642838541665 0.4239759423828125 0.16941765885416668 0.36643551611328123 0.16599305533854167
1 0.303764384765625 0.16537962955729166 0.30291145849609374 0.19875165364583333 0.36517485107421876 0.19205191796874999 0.36252132958984373 0.16032308203125 0.303764384765625 0.16537962955729166
1 0.306076388671875 0.13170998697916667 0.3045863095703125 0.16048247330729168 0.3630069443359375 0.15990773828125002 0.3618373017578125 0.13617691796875 0.306076388671875 0.13170998697916667
1 0.36479265869140626 0.136585978515625 0.3659615576171875 0.16439781770833334 0.4238896328125 0.16801091276041666 0.41945734130859375 0.139763888671875 0.36479265869140626 0.136585978515625
1 0.36290947412109376 0.110064484375 0.36444841259765626 0.13486276432291666 0.4194833828125 0.13814715624999999 0.41554340283203123 0.11392394205729167 0.36290947412109376 0.110064484375
1 0.307498759765625 0.10502678580729168 0.306079365234375 0.13015773828125002 0.3620376982421875 0.13467394205729166 0.36068328369140623 0.11020403450520833 0.307498759765625 0.10502678580729168
1 0.308702876953125 0.07867989388020834 0.30734871044921874 0.1033961640625 0.36053670654296877 0.10815873046875 0.35955183544921876 0.08327810872395834 0.308702876953125 0.07867989388020834
1 0.3620498510742188 0.08389715625 0.3632254462890625 0.10732969596354168 0.41505927587890623 0.11184589973958332 0.411858134765625 0.08852579361979167 0.3620498510742188 0.08389715625
1 0.36054141845703125 0.06186342578125 0.36205877978515627 0.08192228841145834 0.41185887890625 0.08662466927083333 0.40802108154296873 0.06811309505208334 0.36054141845703125 0.06186342578125
1 0.3103673115234375 0.05554596549479166 0.3087242065429687 0.07709193098958333 0.35916617041015625 0.08187533072916667 0.35838913671875 0.061865740885416666 0.3103673115234375 0.05554596549479166
3 0.14353273828125 0.07551818815104167 0.13474727197265626 0.09673148177083334 0.18880704345703125 0.09904100520833332 0.1948993056640625 0.07645899479166667 0.14353273828125 0.07551818815104167