2 0.4383829365234375 0.861090939453125 0.48265178564453126 0.7398650794270832 0.37359226171875 0.7093630950520833 0.3316688989257813 0.8243320104166667 0.4383829365234375 0.861090939453125
0 0.7227857143554688 0.9562820768229167 0.7304082338867187 0.8057275130208333 0.5967227182617187 0.7713151451822916 0.5770801088867188 0.9101382272135417 0.7227857143554688 0.9562820768229167
3 0.7272320229492187 1 0.7276016865234375 0.9661868385416666 0.5781217758789062 0.918805224609375 0.5688974814453125 1 0.7272320229492187 1
0 0.256218005859375 0.700138888671875 0.1626966767578125 0.6653353177083333 0.09966170654296876 0.7691554231770833 0.19904960302734376 0.8162810846354166 0.256218005859375 0.700138888671875
0 0.360781498046875 0.728619708984375 0.40059052587890626 0.6308733463541667 0.30819841259765623 0.6032810846354166 0.2591788193359375 0.7003525130208333 0.360781498046875 0.728619708984375
0 0.30396478173828123 0.6042506614583333 0.21583010888671875 0.5712281744791666 0.16439508935546876 0.6625453040364583 0.2564315478515625 0.694335978515625 0.30396478173828123 0.6042506614583333
0 0.40913740087890627 0.3843587962239583 0.33797371044921876 0.3705393515625 0.3055339780273438 0.4230982141927084 0.3795850693359375 0.4489246028645833 0.40913740087890627 0.3843587962239583
1 0.257658994140625 1 0.3077276787109375 0.8700727513020833 0.20050198388671875 0.8240608463541667 0.13151165673828125 0.9643141536458333 0.210126060546875 1 0.257658994140625 1
2 0.5921168154296875 0.771972552734375 0.4850084326171875 0.7417503307291667 0.445048611328125 0.8642876985677083 0.5723427578125 0.908796626953125 0.5921168154296875 0.771972552734375
0 0.7320828374023437 0.7980023151041666 0.744029513671875 0.6784871028645832 0.6226959326171875 0.6518849205729167 0.5990213295898438 0.7658568118489583 0.7320828374023437 0.7980023151041666
2 0.47752628955078125 0.7290939153645833 0.508217013671875 0.6332070104166666 0.410939236328125 0.6070185182291666 0.3745374501953125 0.701069775390625 0.47752628955078125 0.7290939153645833
3 0.5933147319335937 0.7643472220052083 0.6178258930664062 0.6577450397135417 0.513248759765625 0.6364761907552083 0.48394047607421875 0.7338501985677084 0.5933147319335937 0.7643472220052083
0 0.30832291650390625 0.8638131614583333 0.3589910712890625 0.7359960319010416 0.25923189501953126 0.704263888671875 0.2021103671875 0.8213961640625 0.30832291650390625 0.8638131614583333
0 0.43174479150390627 0.5434857805989584 0.3446123510742187 0.5245393515625 0.31065823388671876 0.6014467591145833 0.3999446923828125 0.6260578704427083 0.43174479150390627 0.5434857805989584
0 0.3081480654296875 0.5974970240885417 0.3410084326171875 0.5236911373697917 0.2625679565429688 0.4920195104166667 0.21900049609375 0.5673958333333333 0.3081480654296875 0.5974970240885417
0 0.34567237109375 0.5208630950520833 0.375140376953125 0.4535611770833334 0.3026118549804688 0.42606117708333335 0.26468799609375 0.48777777799479166 0.34567237109375 0.5208630950520833
0 0.4328048115234375 0.54009226171875 0.4593048115234375 0.4702453704427083 0.3809756943359375 0.45311541015625 0.3484283232421875 0.520014880859375 0.4328048115234375 0.54009226171875
0 0.4583060517578125 0.46631249999999996 0.4852103173828125 0.39819212955729166 0.4136612104492188 0.3843849205729167 0.38339310498046875 0.4493363092447917 0.4583060517578125 0.46631249999999996
0 0.48927802587890623 0.3963773151041667 0.5094159228515625 0.3439441139322917 0.43971428564453124 0.329442791015625 0.4130761411132812 0.3813349869791667 0.48927802587890623 0.3963773151041667
0 0.41001512890625 0.3824093912760416 0.4351473212890625 0.332339947265625 0.36634027783203127 0.32058134895833335 0.3397743056640625 0.366722552734375 0.41001512890625 0.3824093912760416
0 0.5104905751953125 0.34069808203125 0.5267621528320312 0.2972900130208333 0.46087078369140627 0.283537037109375 0.440249751953125 0.32758961653645835 0.5104905751953125 0.34069808203125
1 0.43720362109375 0.3267103177083333 0.45662698388671874 0.2849434524739583 0.3925855654296875 0.27801719596354163 0.36928125 0.31744642838541665 0.43720362109375 0.3267103177083333
0 0.5278839287109375 0.29435449739583336 0.5448350693359375 0.2524305553385417 0.4798050595703125 0.245641865234375 0.46102083349609374 0.2810079361979167 0.5278839287109375 0.29435449739583336
1 0.4578573911132813 0.28225231510416665 0.47679191455078124 0.245462962890625 0.41648487109375 0.23753935156249997 0.39590947412109373 0.27407705013020833 0.4578573911132813 0.28225231510416665
1 0.1969913193359375 0.8219907408854167 0.09620684521484375 0.7767080026041667 0.0179134423828125 0.9060469576822916 0.1252752978515625 0.9586878307291666 0.1969913193359375 0.8219907408854167