1 0.4937657856445313 1 0.49046478173828123 0.8397939817708333 0.35676314501953127 0.8338842591145833 0.340343501953125 0.99379993359375 0.43160319677734377 1 0.4937657856445313 1
3 0.34347098193359377 0.8978501985677084 0.361454365234375 0.7584457669270833 0.24041716259765625 0.7520155423177083 0.211593501953125 0.8891593912760416 0.34347098193359377 0.8978501985677084
3 0.4890188491210937 0.8308568118489584 0.48849776806640627 0.7091818782552083 0.3714759423828125 0.7036193782552083 0.3584446923828125 0.8256421959635416 0.4890188491210937 0.8308568118489584
3 0.3869332836914062 0.5466038359375 0.39702827392578127 0.47550727539062504 0.30698189501953127 0.4730836640625 0.29042609130859376 0.544180224609375 0.3869332836914062 0.5466038359375
1 0.3305396826171875 0.3524586640625 0.30754166650390624 0.31370006640625 0.23841046630859375 0.33684490755208335 0.2581031748046875 0.37799140234375 0.3305396826171875 0.3524586640625
1 0.5469878471679688 0.29941336002604163 0.5202718251953125 0.26487962955729166 0.45499652783203126 0.27737037044270835 0.47785664697265623 0.31337367708333336 0.5469878471679688 0.29941336002604163
3 0.49111334326171874 0.44283531770833334 0.4928653271484375 0.3836332669270834 0.411016369140625 0.3820757272135417 0.40365997021484373 0.44030357161458333 0.49111334326171874 0.44283531770833334
3 0.3600625 0.7503432539062499 0.3740146328125 0.6479867727864583 0.26738789697265625 0.640057208984375 0.24432341259765625 0.745267857421875 0.3600625 0.7503432539062499
3 0.4875553076171875 0.700038029296875 0.48930952392578125 0.6061078040364584 0.38459325390625 0.6012357805989583 0.374031994140625 0.6960267858072916 0.4875553076171875 0.700038029296875
3 0.37503447412109375 0.6395350527343749 0.38606101171875 0.5532926588541667 0.2903062998046875 0.54940575390625 0.26927976171875 0.6338521822916666 0.37503447412109375 0.6395350527343749
3 0.4878841767578125 0.5974375 0.48850223193359377 0.5185849869791667 0.3947822421875 0.5139143515625 0.3844833828125 0.5938657408854167 0.4878841767578125 0.5974375
1 0.3337458525390625 1 0.342984375 0.9053158066406249 0.20933134912109375 0.8994345240885416 0.18860862060546876 1 0.3337458525390625 1