0 0.492169421875 1 0.4993271328125 0.98867493359375 0.39164360107421875 0.8608313489583334 0.293062748046875 0.9876656744791666 0.30233358154296874 1 0.492169421875 1
0 0.47773685498046875 0.7519771822916667 0.39699950390625 0.8574474205729167 0.506374751953125 0.9766425266927082 0.5861507934570312 0.8529351848958333 0.47773685498046875 0.7519771822916667
0 0.41800223193359376 0.618807208984375 0.50735788671875 0.697411044921875 0.569514880859375 0.6186620371093751 0.47973239111328125 0.5455588626302084 0.41800223193359376 0.618807208984375
1 0.336001240234375 0.70428373046875 0.428234375 0.801160052734375 0.5021991567382813 0.7069583333333332 0.4121939482421875 0.6210770501302083 0.336001240234375 0.70428373046875
1 0.07072247021484375 0.598310515625 0.1442418154296875 0.6862718255208334 0.2409305556640625 0.6036593912760416 0.168748263671875 0.5260988756510416 0.07072247021484375 0.598310515625
3 0.1755071923828125 0.5230998678385417 0.24385590283203126 0.5982483463541667 0.32347420654296877 0.5303541666666667 0.25276835302734374 0.4648373014322917 0.1755071923828125 0.5230998678385417
3 0.25682961328125 0.46114054231770835 0.3284122021484375 0.5261038359375 0.39651612109375 0.4720271165364583 0.3265389384765625 0.41277513216145834 0.25682961328125 0.46114054231770835
3 0.087548611328125 0.45667824088541664 0.15254489111328126 0.524703373046875 0.2366021826171875 0.46647784374999995 0.16955778759765625 0.40660978841145834 0.087548611328125 0.45667824088541664
3 0.17425992041015625 0.4052433860677083 0.24119246044921874 0.46526058203125004 0.308796626953125 0.414201388671875 0.2461173115234375 0.3598574733072917 0.17425992041015625 0.4052433860677083
1 0.34030828369140625 0.5283640872395833 0.42107564501953126 0.6022741399739583 0.4794598212890625 0.53796825390625 0.40636210302734377 0.47199206380208336 0.34030828369140625 0.5283640872395833
1 0.41187227197265625 0.46867063476562504 0.4840146328125 0.531307208984375 0.54175049609375 0.471017857421875 0.466748759765625 0.41718253971354163 0.41187227197265625 0.46867063476562504
3 0.25174677587890626 0.357963955078125 0.31552827392578126 0.41216997330729166 0.3740250498046875 0.368902447265625 0.31279489111328124 0.322232142578125 0.25174677587890626 0.357963955078125