0 0.18070510888671876 0.6640135579427083 0.144267361328125 0.7929431217447916 0.32234895849609374 0.7958353177083333 0.3293963295898438 0.6598931881510417 0.18070510888671876 0.6640135579427083
0 0.33367584326171873 0.6628207669270834 0.326685763671875 0.7998124999999999 0.4988040673828125 0.7893277115885416 0.4809146826171875 0.6559163359375 0.33367584326171873 0.6628207669270834
0 0.2084365078125 0.5638220898437499 0.18302802587890624 0.65953174609375 0.3280409228515625 0.6526623678385417 0.3364437001953125 0.5658905423177083 0.2084365078125 0.5638220898437499
0 0.33859598193359375 0.566207671875 0.3334620537109375 0.6580853177083333 0.4782041171875 0.6468773151041667 0.46031473193359373 0.5579365078124999 0.33859598193359375 0.566207671875
0 0.33942534716796874 0.49683465624999995 0.3372569443359375 0.5633597884114584 0.46004365087890625 0.5535978834635417 0.44947247021484377 0.48671130924479167 0.33942534716796874 0.49683465624999995
1 0.1431331845703125 0.7964093912760416 0.0884853671875 0.9942698411458334 0.310748263671875 0.9982466933593751 0.32348784716796875 0.7990333997395833 0.1431331845703125 0.7964093912760416
1 0.32810771728515625 1 0.5404089780273438 0.9839451061197916 0.5021904760742187 0.7988323411458333 0.32651934521484377 0.8017767858072916 0.3157572666015625 1 0.32810771728515625 1
2 0.4797269345703125 0.628507275390625 0.5017075893554688 0.745462962890625 0.6575052084960937 0.7325753971354166 0.6178916171875 0.6146531087239583 0.4797269345703125 0.628507275390625
0 0.2558134921875 0.3879044309895833 0.24383209326171876 0.42942559505208333 0.34222991064453123 0.43486706380208334 0.34533035693359376 0.3856755950520833 0.2558134921875 0.3879044309895833
0 0.34663591259765625 0.38219312174479164 0.34533035693359376 0.43356117708333336 0.4367113095703125 0.42703141536458333 0.42871552587890627 0.37958134895833334 0.34663591259765625 0.38219312174479164
0 0.2266329365234375 0.48557638867187497 0.2066651787109375 0.5588498678385417 0.33449503955078125 0.5621378971354166 0.3364317954101563 0.4968468912760417 0.2266329365234375 0.48557638867187497
0 0.34827728173828126 0.34499041015625 0.34611929541015624 0.38061011914062504 0.4325538193359375 0.3770565475260417 0.426485615234375 0.34092890234375 0.34827728173828126 0.34499041015625
2 0.4604724702148438 0.5365191796875001 0.4758836806640625 0.6230472884114583 0.60759523828125 0.61157407421875 0.5817904267578125 0.5298263886718749 0.4604724702148438 0.5365191796875001
3 0.5876334326171875 0.531745701171875 0.6141535219726563 0.610354828125 0.7497519838867187 0.5913578040364583 0.708610615234375 0.5127483463541667 0.5876334326171875 0.531745701171875
0 0.26504265869140625 0.35280291015625 0.25621825390625 0.38645304231770833 0.34269791650390624 0.38271428580729167 0.3458125 0.34809457682291667 0.26504265869140625 0.35280291015625
0 0.348515625 0.31385978841145834 0.34808878955078126 0.3434527115885417 0.42582465283203125 0.3401517858072917 0.42087549609375 0.312493716796875 0.348515625 0.31385978841145834
0 0.3414918154296875 0.4377318118489583 0.33842410693359376 0.49359986783854165 0.44652827392578126 0.482770171875 0.43840947412109377 0.4300353834635417 0.3414918154296875 0.4377318118489583
0 0.2423209326171875 0.43132440494791663 0.2270076884765625 0.482151455078125 0.335641369140625 0.493098544921875 0.338641865234375 0.43848048958333335 0.2423209326171875 0.43132440494791663
1 0.2727219741210937 0.322878306640625 0.266593501953125 0.35012665364583334 0.34528571435546873 0.34586177278645835 0.34715079345703126 0.3161256614583333 0.2727219741210937 0.322878306640625