1 0.535283068359375 0.7383157246093751 0.5320996303796955 0.6158371073081921 0.33859566260625806 0.6208666209800671 0.3417791005859375 0.7433452382812501
3 0.527212962890625 0.6142385908203125 0.526713588993567 0.524626910629668 0.35751245755701483 0.5255698081204007 0.35801183145407284 0.6151814883110451
3 0.705638888671875 0.6098377978515624 0.7041812565805431 0.521792581205166 0.5307129628906249 0.5246644345703124 0.5321705949819567 0.6127096512167088
3 0.52470006640625 0.5186773310546875 0.5234492182092946 0.44388222252403053 0.373085461373357 0.4463968553365305 0.3743363095703125 0.5211919638671874
3 0.683758267578125 0.5149179072265625 0.6821020594258271 0.4418949031592429 0.5296443875508272 0.4453527400733054 0.531300595703125 0.518375744140625
3 0.521667328125 0.4401034228515625 0.5213904432758847 0.3812622315932579 0.3877803241352597 0.38189095131982037 0.38805720898437507 0.440732142578125
3 0.65988458984375 0.43695982128906247 0.657728696831649 0.3766373097573548 0.5257938423394616 0.3813525880776673 0.5279497353515625 0.44167509960937495
1 0.48195039648437493 0.3764853671875 0.481421498119783 0.3286851940719045 0.35686197468228303 0.33006341770471703 0.35739087304687495 0.3778635908203125
1 0.3586065734630903 0.3780029574255925 0.3580029765624999 0.33100669628906243 0.22580116481815968 0.3327046314415949 0.22640476171874999 0.37970089257812495
1 0.609233134765625 0.3752234619140625 0.6086886209221768 0.3272125642547379 0.48559457714843757 0.328608630859375 0.48613909099188585 0.37661952851869956
1 0.9990810185546875 0.366154513671875 0.9976028757413231 0.3194631128101965 0.8466173146323274 0.32424296987073337 0.8480954574456917 0.37093437073241187
1 0.3669612490582409 0.3272879906344258 0.3658035712890625 0.28409623046875 0.24620740133238406 0.2873017915921366 0.24736507910156247 0.3304935517578124
1 0.23947520334598388 0.3807091846654457 0.2386180556640625 0.33399776757812505 0.09300297145870362 0.33666978310799195 0.093860119140625 0.3833812001953126
1 0.7392354501953126 0.7348645830078125 0.7357453866361505 0.6130901593616271 0.5359963623046875 0.61881498046875 0.5394864258638495 0.7405894041149355
1 0.7394335322265624 0.371876736328125 0.7372579829540242 0.3231651053495188 0.60570105859375 0.3290406748046875 0.6078766078662882 0.37775230578329366
1 0.867443783203125 0.37024156738281255 0.8655907879726725 0.3214421872290868 0.72561144140625 0.3267574404296875 0.7274644366367025 0.37555682058341333
1 0.8342142861328125 0.3215203369140625 0.8337175908908948 0.27512425922741846 0.7069784654713728 0.2764810704860306 0.7074751607132904 0.32287714817267466
1 0.7172556220703123 0.32329861132812493 0.715737080617203 0.2771137959545473 0.5950812693504742 0.2810809191201385 0.5965998108035836 0.3272657344937161
1 0.5980730820312499 0.3262723212890624 0.5979606814074131 0.2812320779008805 0.483366399424006 0.28151805479208086 0.4834788000478427 0.3265582981802628
1 0.47913525097656245 0.32705555566406247 0.4786028578368143 0.2817404837231779 0.36591734221181427 0.2830643919263029 0.36644973535156244 0.32837946386718747
1 0.25498507987590674 0.33098785556300464 0.2542470234375 0.28682762890625 0.12552913887409325 0.2889789100619954 0.1262671953125 0.33313913671875
1 0.14352642881034788 0.3330384503675487 0.14314285742187496 0.289738095703125 0.006514245994339565 0.29094840510120124 0.006897817382812499 0.33424875976562496
1 0.9568531748046875 0.31754067480468745 0.9554872842797305 0.2721151018558614 0.8169744514006129 0.2762800106007147 0.8183403419255698 0.3217055835495407