3 0.42586243359375003 0.41229538671875005 0.25445243012894886 0.4015290534257225 0.24891435156250008 0.489700396484375 0.42032435502730126 0.5004667297774026
1 0.28939715625 0.33023635937500007 0.11724799812682979 0.31895828462966325 0.11244907421875001 0.39220932519531243 0.2845982323419202 0.40348739994064925
3 0.5845373532090931 0.34650499813909397 0.4360336480040761 0.3390671904427439 0.4324556875000001 0.41050495996093755 0.580959392705017 0.41794276765728766
1 0.7607813725232037 0.42935969991110273 0.585069775390625 0.42037971191406254 0.5806418535381326 0.5070209436101552 0.7563534506707112 0.5160009316071954
1 0.6852531016463053 0.19776735735122386 0.5653723544921876 0.18700049609375005 0.5615296366349448 0.22978621393783874 0.6814103837890625 0.24055307519531255
1 0.8791554228515625 0.9603831845703126 0.8774347974434951 0.7674687783072015 0.6175515869140624 0.7697867060546875 0.6192722123221298 0.9627011123177985
2 0.5912388443331651 0.4226825075294525 0.42932456749862297 0.41466600764598593 0.4250357138671876 0.5012906748046875 0.5869499907017297 0.5093071746881541
3 0.433527447265625 0.33887822460937506 0.27854650616397086 0.3309699880973188 0.27500277631303843 0.40041790944745187 0.42998371741469255 0.4083261459595081
1 0.26563657421875003 0.40391567480468743 0.07157977491577597 0.3933101186458627 0.06679960351562504 0.48077604199218743 0.2608564028185991 0.4913815981510122
1 0.7339377354359427 0.3541133871043971 0.5802711640625001 0.34736259960937504 0.5772352028834669 0.4164694624085564 0.7309017742569094 0.4232202499035785
1 0.7148677060616502 0.2933309924622107 0.5744024472656248 0.2858169638671875 0.5712783829868445 0.3442173933924281 0.7117436417828699 0.3517314219874513
1 0.6990983876626968 0.24199360672520143 0.57056911328125 0.23451016894531257 0.5677610693685533 0.28273878487636117 0.6962903437500001 0.2902222226562501
1 0.7890366778428525 0.5192672370260146 0.5952076718750001 0.5110649804687502 0.5907030711805853 0.6175140129739858 0.7845320771484376 0.6257162695312503
1 0.8268357356678087 0.6331123174532484 0.6042992724609376 0.62606597265625 0.6000075182384415 0.7616074247342516 0.8225439814453125 0.76865376953125