0 0.71194609765625 0.6090672119140627 0.677705360528558 0.5257421020780989 0.5105670156313797 0.5944241613378847 0.5448077527590718 0.6777492711738484
0 0.8299980156249999 0.568295634765625 0.8016608350299894 0.48997695840039385 0.62752215625 0.552983630859375 0.6558593368450103 0.6313023072246061
2 0.6148703701171874 0.5507837304687501 0.590024217001891 0.48401817207758047 0.4405165341796874 0.539656001953125 0.46536268729498376 0.6064215603442946
3 0.7227146162109376 0.5176183037109375 0.7051120445826545 0.461092590886074 0.556128306640625 0.5074873515625 0.573730878268908 0.5640130643873635
2 0.5475383593750001 0.5077175097656251 0.5310980851946 0.4507139798958055 0.37892493359375 0.49460193457031254 0.39536520777415 0.5516054644401321
2 0.6461375664062499 0.47549107128906243 0.6290193438074787 0.41927794268062857 0.4853968251953125 0.463014384765625 0.5025150477940837 0.5192275133740588
0 0.4482582675781249 0.47106745996093746 0.4335020069674029 0.4197041069347297 0.29897123046874996 0.4583536708984375 0.31372749107947207 0.5097170239246452
0 0.6406147490234375 0.41649851171874996 0.6274192642764791 0.371403925085916 0.5016395498046875 0.4082093251953126 0.5148350345516457 0.45330391182814656
0 0.398251984375 0.42755034765624994 0.3847973038406169 0.3791140671989155 0.25617195800781245 0.41484375 0.2696266385421956 0.46328003045733446
0 0.49319543652343745 0.4068407734375001 0.4837572390722961 0.3626797656622943 0.35558917362653625 0.39007215477545804 0.3650273710776776 0.4342331625506638
0 0.575721560546875 0.3849670136718751 0.5643492321238245 0.3407282131995818 0.44779100488281237 0.37069146777343753 0.4591633333058628 0.4149302682457308
0 0.2201117724609375 0.5327018847656249 0.2033139318508535 0.47277674197101005 0.05935482812499998 0.5131304560546875 0.07615266873508397 0.5730555988493024
0 0.5519527119140624 0.44182589257812505 0.5376318393572579 0.39110547132359935 0.400399470703125 0.4298529267578125 0.41472034325992946 0.4805733480123382
0 0.8042132939453124 0.3676168154296876 0.7900893501324968 0.32387982260629755 0.6667718251953124 0.36370262890625005 0.680895769008128 0.4074396217296401
3 0.4551253310546875 0.7198712792968751 0.4108409189666725 0.6174622422324891 0.22779530468750003 0.6966160712890627 0.272079716775515 0.7990251083534486
3 0.29119609765625004 0.7911631943359377 0.2427965718607753 0.6805339735469094 0.05109457714843754 0.7644022822265626 0.09949410294391228 0.875031503015591
3 0.58888161328125 0.6637740576171877 0.5496600216280398 0.570596455156345 0.38026554199218754 0.6419002978515626 0.41948713364539775 0.7350779003124052
0 0.6538402773437499 0.36305332324218753 0.6414602233281809 0.3182613231135015 0.530670634765625 0.3488824404296876 0.5430506887811941 0.39367444055837364
0 0.722121693359375 0.3932078369140626 0.7098733597736859 0.35009405519729364 0.5840651455078125 0.38583531738281257 0.5963134790935016 0.4289490990995815
1 0.34148743359375 0.5025000000000001 0.3284867168940406 0.4502362590792438 0.1864050927734375 0.485579365234375 0.1994058094731469 0.5378431061551312
1 0.181381283203125 0.48559995019531255 0.17104587869932025 0.43377964954678233 0.028027116210937494 0.4623043154296875 0.03836252071474225 0.5141246160782177
1 0.2954123681640625 0.457683779296875 0.28345275626378963 0.40736447951428834 0.1480453046875 0.43954737109375003 0.16000491658777288 0.48986667087633673
0 0.7380320771484375 0.3417373515625 0.7258510903773248 0.2991687833714323 0.609831349609375 0.3323678076171874 0.6220123363804879 0.3749363758082551
0 0.8089265869140625 0.32353695410156247 0.8005338426723315 0.2878144734434487 0.6828197862411646 0.31547055866156953 0.6912125304828955 0.3511930393196833
0 0.8786147490234374 0.3492115576171876 0.7607205586453225 0.30258234865977013 0.7453414308844332 0.34146591234508594 0.863235621262548 0.3880951213025034
0 0.9431441796875 0.3312611611328127 0.830436906440131 0.28762460503794884 0.8167510753336388 0.3229732403148358 0.9294583485810077 0.3666097964096996
0 0.9996332675781252 0.3122542158203126 0.8895866724232675 0.2780515406237437 0.880275258678338 0.3080108748810369 0.9903218538331957 0.3422135500776058
1 0.8723082011718751 0.30651488085937506 0.7585141757071461 0.2714421618446241 0.7491778763349726 0.30173394184766894 0.8629719017997016 0.33680666086241995
1 0.9319295634765625 0.2914518847656251 0.8214739358555601 0.25899605682872473 0.8131888615634449 0.2871923204582149 0.9236444891844474 0.31964814839511524
1 0.9885099208984376 0.2767509921875001 0.8782513669205869 0.24786595444074744 0.871603344479188 0.27324246070075203 0.9818618984570386 0.3021274984475047