0 0.6230790341796874 0.48647867089843744 0.6108569196304977 0.42086193785832915 0.4624408066406249 0.4485066962890624 0.47466292118981457 0.5141234293291708
0 0.6881349208984376 0.5572777773437501 0.6756438078240236 0.4816482506313801 0.507211970703125 0.509466765625 0.5197030837775392 0.5850962923373699
1 0.4428085322265625 0.4286004462890626 0.4378919715625766 0.3793870982014124 0.2943171298828125 0.39373065429687504 0.29923369054679844 0.4429440023845252
1 0.534143849609375 0.5533658232421875 0.5229703296906889 0.48034278305896383 0.3635056220703125 0.5047430556640625 0.3746791419889986 0.5777660958472862
1 0.853522486328125 0.75066840234375 0.8282635428765466 0.6304622732664561 0.6204593251953125 0.6741282246093752 0.6457182686468909 0.794334353686669
1 0.6606531083984375 0.7541334326171876 0.6397903896443878 0.638275481445487 0.4424877646484374 0.6738040673828126 0.4633504834024871 0.7896620185545131
1 0.7603492060546874 0.641168154296875 0.739922666459989 0.5432380038707236 0.5608806220703125 0.5805830849609375 0.5813071616650108 0.6785132353870887
1 0.5924034394531249 0.6465255458984374 0.5797672647216943 0.5550034958745607 0.39960846582031245 0.57987748046875 0.41224464055174315 0.6713995304926268
1 0.750895171875 0.9056011904296875 0.7201055766269806 0.7489172901231742 0.49391832031249994 0.7933648310546874 0.5247079155605193 0.9500487313612006
1 0.9676438496093751 0.8940235615234375 0.9251643061973052 0.7312511925607643 0.694810515625 0.7913678076171875 0.7372900590370699 0.9541401765798607
1 0.4879375 0.4864330361328127 0.4808346950303299 0.42556413282345834 0.3291531083984375 0.44326388867187505 0.3362559133681076 0.5041327919812294
1 0.568913029296875 0.42813640917968754 0.560109820715772 0.37502997231992574 0.42145502636718757 0.3980141367187501 0.4302582349482907 0.4511205735785119