0 0.5789580029296876 0.4114841269531249 0.5766473438571775 0.3537237349037046 0.44794066319311504 0.3588725444740172 0.450251322265625 0.41663293652343747
0 0.4488078701171875 0.4180716767578125 0.3005547040051472 0.4171889543631978 0.3001243388671875 0.48946875 0.44837750497922774 0.4903514723946147
0 0.5946455029296875 0.48196775781249995 0.5917102709929432 0.41214194824235234 0.4474490268523182 0.4182061845704773 0.45038425878906246 0.4880319941406249
0 0.6073574736328125 0.575610615234375 0.6048071938280446 0.487029892729272 0.4474027621874196 0.4915616388230221 0.44995304199218755 0.580142361328125
0 0.44733107050302984 0.5776436434468594 0.44688690429687505 0.488939236328125 0.2806189949266577 0.4897717833109531 0.2810631611328125 0.5784761904296875
1 0.63092791015625 0.6823554072265625 0.6260966642579371 0.5748960703334912 0.4425844289063745 0.5831465654506787 0.44741567480468747 0.69060590234375
1 0.4472148084566806 0.6907718011622334 0.4468942736326741 0.5810100753911897 0.2578342268947435 0.581562183408644 0.25815476171875 0.6913239091796877
2 0.7550873017578125 0.5385689482421875 0.7500930407958624 0.4571486781104082 0.5952146162109375 0.4666488095703126 0.6002088771728876 0.5480690797020918
2 0.9176455029296875 0.5290352177734375 0.9126552688429402 0.4489575100529814 0.7374820464330699 0.4598738488248988 0.7424722805198172 0.539951556545355
3 0.8679689150390624 0.44733060546875003 0.8646737530595144 0.38162308391855737 0.7093624710228875 0.3894117787207347 0.7126576330024355 0.45511930027092734
0 0.6627063496093749 0.8285047119140624 0.6595427213214691 0.6876737384925778 0.4439200357745941 0.6925174884925779 0.44708366406249994 0.8333484619140624
0 0.4518078701171875 0.260641369140625 0.3387506085001565 0.2572359143346018 0.337382552836094 0.3026538205846017 0.450439814453125 0.306059275390625
0 0.5569308867187499 0.30172222265625 0.5555715071907812 0.2545374970043097 0.45314458824546866 0.25748838958243475 0.45450396777343743 0.304673115234375
0 0.5526104501953126 0.253066220703125 0.5516350261091827 0.2172939080781776 0.4519286764998076 0.22001265807817763 0.45290410058593755 0.255784970703125
0 0.44978494089437976 0.25747060702976116 0.4496094580078125 0.22107961328125003 0.3471806675040578 0.2215735404311764 0.34735615039062506 0.2579645341796875
1 0.4520810461831028 0.21988225298082578 0.45104232812500006 0.18928819433593752 0.3544430944418973 0.1925678954566743 0.35548181250000005 0.22316195410156256