0 0.50265575390625 0.4859551093750001 0.49756627812882737 0.41050856414968523 0.340772486328125 0.42108556542968756 0.3458619621055476 0.4965321106550024
0 0.6415320771484374 0.47645486132812503 0.6365681782298158 0.40550945872151833 0.47934656054687497 0.41650992089843747 0.4843104594654965 0.48745532350504417
0 0.6742662041015625 0.40316865039062505 0.6697464237970749 0.3423452108605401 0.5275079365234375 0.3529149306640625 0.532027716827925 0.41373837019414744
0 0.5522126318359376 0.4106669150390626 0.5500519508299674 0.3513287336177699 0.40378472265625 0.35665476171875005 0.4059454036622202 0.41599294314004276
0 0.5215327382812501 0.35123487109375007 0.5199217229628486 0.29994954411804986 0.38729960351562503 0.30411557519531257 0.3889106188340265 0.3554009021710128
0 0.5404785048828125 0.5747261904296875 0.5313915341861283 0.4824574452550759 0.35913789648437494 0.49942162695312486 0.3682248671810592 0.5916903721277366
0 0.687189814453125 0.5551661708984374 0.6748115478213903 0.46621499693874646 0.5101107802734375 0.48913442480468744 0.5224890469051721 0.5780855987643784
1 0.5946001982421875 0.6832899306640625 0.5791552230950072 0.5664091174831349 0.3882592587890624 0.5916346728515625 0.4037042339362426 0.70851548603249
0 0.6510522490234374 0.8219119541015626 0.6236113007744513 0.6723470210871324 0.4124520498046874 0.7110887900390626 0.43989299805367355 0.8606537230534927
1 0.44041898144531244 0.8577309023437502 0.41523260783594473 0.702314561083311 0.19499451310938232 0.7380057817864359 0.22018088671875 0.8934221230468751
1 0.5304272490234376 0.298925099609375 0.5293171754644966 0.25563232822256243 0.40934358496093753 0.2587085810546875 0.41045365851987864 0.3020013524415001