2 0.6898035712890623 0.7430567958984375 0.6851503289533812 0.600453318874543 0.4657314814453125 0.607613095703125 0.4703847237809937 0.7502165727270196
3 0.6490634921875 0.5969228671874999 0.6467718717878054 0.49167291091416193 0.45057671972656244 0.4959446923828125 0.45286834012625704 0.6011946486561505
3 0.44061441796875 0.29192286718750005 0.42330767593687857 0.23087140397850922 0.260600529296875 0.27699528808593754 0.27790727132874643 0.3380467512949284
1 0.6554448302216915 0.2104561961401127 0.5179123681640626 0.21012574414062504 0.5178144295439335 0.25088730581301244 0.6553468916015625 0.2512177578125001
1 0.8049404765625 0.295171130859375 0.8029576298480984 0.24673555480888149 0.6604636240234375 0.25256894824218756 0.6624464707378391 0.3010045242926811
3 0.4251455029296876 0.15407341308593756 0.31347064019950127 0.14270158555965454 0.31024504003906256 0.1743779765625001 0.4219199027692489 0.1857498040887831
3 0.21838392871093754 0.1735424111328125 0.2099121730639582 0.13073114765166294 0.0666193779296875 0.15908680566406252 0.07509113357666682 0.20189806914521208
3 0.612443783203125 0.4870513388671875 0.611782656646436 0.4039230423168056 0.4449345234375 0.40525 0.4455956499941889 0.4883782965503819
3 0.532523478515625 0.3431946923828126 0.3764202302388782 0.25919652387380987 0.33822865582772205 0.3301722240373866 0.49433190410446876 0.41417039254638927
3 0.35851157421875 0.24960912695312498 0.3471307969067483 0.19889381364724978 0.1901901455078125 0.234112103515625 0.2015709228198142 0.2848274168215002
3 0.28618154785156247 0.21047247070312503 0.27637512822562926 0.16324447521023458 0.1235578701171875 0.1949754462890625 0.1333642897431207 0.24220344178195294
2 0.3211868388671875 0.14212177539062504 0.21720645867181282 0.12820653828779288 0.2127738095703125 0.16132911718750004 0.3167541897656872 0.17524435429033217
3 0.3377156083984375 0.10839161718750001 0.2285667257763876 0.09425365077989759 0.22436739453124996 0.12667361132812502 0.3335162771532999 0.14081157773572744
3 0.4335882939453125 0.11980754003906255 0.33058602652638647 0.10760461672878048 0.3265631611328125 0.14156076367187503 0.4295654285517385 0.15376368698215712
1 0.6963123370563464 0.2550597996320001 0.5503181220703125 0.2527864580078126 0.5496074562779332 0.2984254826805473 0.6956016712639671 0.3006988243047348
1 0.6145498644095023 0.17165380982106776 0.4869976855468751 0.17099851171875008 0.4868079309954891 0.20793377277442576 0.6143601098581163 0.20858907087674344
1 0.7108783066406251 0.20183010937500004 0.708400081107404 0.1629513323932498 0.5840651455078125 0.17087673632812503 0.5865433710410336 0.20975551330987527
1 0.7569930556640625 0.24616120996093752 0.7548922602002053 0.20208081154970325 0.620923611328125 0.208465525390625 0.6230244067919822 0.25254592380185925
1 0.577694775390625 0.16952108105468752 0.5771939448468211 0.13439510490093953 0.45778042285156256 0.13609771777343752 0.4582812533953665 0.1712236939271855
1 0.6693343251953127 0.163375 0.6669832470626316 0.12864527024073402 0.5494487431640624 0.13660193457031253 0.5517998212967435 0.1713316643295785