2 0.666632275390625 0.29847470214843763 0.5554681678046629 0.2893880596976426 0.5525099151167829 0.32557871227836294 0.663674022702745 0.3346653547291579
2 0.6287622353515626 0.37759201367187506 0.49669549422995574 0.36420472823680444 0.49172555352554753 0.4132336277536057 0.6237922946471544 0.42662091318867634
2 0.578748015625 0.48528323437500004 0.4189672509531605 0.4672971604662557 0.4109410450572185 0.5385986196937613 0.5707218097290581 0.5565846936025056
2 0.5467800927734374 0.55580034765625 0.36952189636111915 0.5319435140446515 0.3574223351786632 0.6218442287622963 0.5346805315909815 0.6457010623738948
3 0.5054507275390624 0.6446934521484375 0.3082201828333206 0.6139818988662006 0.2904687462346665 0.7279821735343975 0.48769929094040837 0.7586937268166345
3 0.6069113759765626 0.42659399804687503 0.4625636739876556 0.41145971097405937 0.4563424069844682 0.4707968697743939 0.6006901089733752 0.48593115684720956
3 0.6935165341796874 0.23724032714843757 0.5961643282907311 0.2308102751893214 0.5943007407119701 0.25902534449407577 0.6916529466009265 0.26545539645319194
3 0.45617857128906253 0.7569933037109375 0.23121305866304365 0.7192876280509818 0.20671818289448626 0.8654327955233804 0.4316836955205051 0.9031384711833361
3 0.6492569443359375 0.33526240039062505 0.5274887741608559 0.3248801559212636 0.524036044921875 0.3653754960937501 0.6458042150969566 0.3757577405631115
3 0.6795906083984374 0.26605456347656253 0.577721424899542 0.2597600230287902 0.5758160266927387 0.2905964853849921 0.6776852101916341 0.29689102583276444
2 0.7130165341796874 0.1894623017578126 0.6267765557617534 0.1857291365328115 0.6258604204556699 0.20689280978666 0.7121003988736039 0.21062597501166108
3 0.7033710322265625 0.21219593261718758 0.6123723685892701 0.2071931250382433 0.6110875723787621 0.23056295015295677 0.7020862360160545 0.23556575773190105