1 0.659867724609375 0.8097346230468749 0.6594305310293151 0.6602705252577133 0.4425386657949401 0.6609049500624008 0.442975859375 0.8103690478515624
1 0.881832671875 0.8097346230468749 0.8813842695894427 0.6588293637926859 0.64884424609375 0.6595203369140625 0.6492926483793073 0.8104255961682516
3 0.64084226171875 0.653628720703125 0.6387095198468326 0.537340992505342 0.44845356769839495 0.5408303274662793 0.4505863095703125 0.6571180556640625
3 0.8374398144531249 0.6529942958984374 0.8364616538804608 0.5372235250009927 0.6300052293032031 0.538967899102756 0.6309833898758672 0.6547386700002007
3 0.6236835322265624 0.5340009921875 0.6235357984783756 0.4398589724729643 0.4574293160565006 0.4401196375120269 0.4575770498046875 0.5342616572265625
3 0.7988250664062498 0.5303506943359375 0.797139624283451 0.4389972061235659 0.618171626953125 0.44229910742187495 0.6198570690759239 0.5336525956342466
3 0.6140168652343749 0.4348864091796876 0.6124776386528409 0.36049285838305717 0.45880369627002837 0.3636724218596197 0.4603429228515625 0.43806597265625014
1 0.429537037109375 0.26163442480468757 0.4198921681348444 0.20840820482351438 0.2785393515625 0.23402207324218746 0.2881842205370305 0.28724829322336065
1 0.5428492060546874 0.24189930566406248 0.5322604879181422 0.18886682844978442 0.39786739453125 0.21570039648437497 0.4084561126677952 0.26873287369865306
3 0.7705304228515626 0.4347237099609375 0.768965824749625 0.3590938668946977 0.609318783203125 0.3623965771484375 0.6108833813050626 0.4380264202146773
3 0.7464884257812499 0.356637400390625 0.7460348035643817 0.29294250255381266 0.5992189150390624 0.29398809570312506 0.5996725372559306 0.35768299353993743
3 0.602150462890625 0.3577772822265626 0.6013123952356384 0.29329884092225883 0.4634860065637633 0.29509025889100876 0.46432407421875 0.3595687001953125
1 0.6563670634765624 0.2250751484375001 0.6488051192270325 0.17618160865145566 0.51253273828125 0.19725768847656253 0.5200946825307798 0.24615122826260696
1 0.7656577382812499 0.2108479658203125 0.7594884986476931 0.1648320033748345 0.61992691796875 0.18354265917968748 0.6260961576023069 0.2295586216251655
1 0.6187070107421875 0.181203373046875 0.6130118017257076 0.13673375116913783 0.4833554892578125 0.1533387900390625 0.4890506982742923 0.1978084119167997
1 0.5136511240234375 0.19422966308593748 0.506495723523198 0.1491408024571263 0.37706547656250006 0.1696808037109375 0.38422087706273955 0.21476966433974864