0 0.5723346562499999 0.9812891865234377 0.5698178576469372 0.7955934628935453 0.32250370432662473 0.7989453974638576 0.32502050292968754 0.98464112109375
1 0.7621468251953125 0.652799603515625 0.5455376982421875 0.652799603515625 0.5455376982421875 0.785200892578125 0.7621468251953125 0.785200892578125
0 0.5539117060546875 0.7906478173828126 0.5527987188306267 0.6553375115437252 0.3490295391431267 0.6570136033406002 0.3501425263671875 0.7923239091796876
0 0.5371636904296875 0.6515426591796875 0.5364269523779005 0.5481403693723543 0.36001293089352554 0.5493973137082919 0.3607496689453125 0.652799603515625
0 0.7241845234375001 0.6469335322265626 0.7239445293765226 0.5433656442477616 0.5343722231630651 0.5438049331866877 0.5346122172240425 0.6473728211654887
0 0.525540013671875 0.541501984375 0.524288766461808 0.4588528048880776 0.3770774568914956 0.4610814748099526 0.3783287041015625 0.543730654296875
0 0.6877765888808306 0.45971974822235645 0.5229961170659057 0.459355162295146 0.5228193963491375 0.5392269316509145 0.6875998681640625 0.539591517578125
0 0.5225704365234376 0.45553397851562505 0.5217022098030297 0.39287421138734047 0.3838242332405296 0.394784677207653 0.3846924599609375 0.45744444433593756
0 0.5166331482379678 0.34031096863079785 0.3891569135497198 0.3375190559685454 0.3879732138671875 0.39156572460937505 0.5154494485554355 0.3943576372716275
0 0.6265978837890624 0.32875372070312503 0.6236189449019791 0.27899484585675643 0.5051911376953125 0.2860848212890625 0.5081700765823958 0.3358436961354311
0 0.5051607138671875 0.335642857421875 0.5050851265280677 0.2858315376259103 0.3929652727743792 0.28600167649078 0.39304086011349904 0.3358129962867447
2 0.3956947784576831 0.29726452534768116 0.39556744884551603 0.25601252106166966 0.28151354343470797 0.25636456309680106 0.281640873046875 0.29761656738281256
2 0.2936455029296875 0.25630754003906253 0.17723276296758128 0.24690661758071986 0.17381322085679682 0.28925121390051584 0.29022596081890306 0.2986521363588585
0 0.18646792285156255 0.24900148828125 0.05569508302149716 0.24311908422868056 0.05387459083892695 0.2835907911151112 0.18464743066899234 0.2894731951676806
3 0.279158068359375 0.30212995996093756 0.14946443514660052 0.2884292855162496 0.14424173242187505 0.33786855175781255 0.27393536563464954 0.35156922620250053
3 0.19779431250000004 0.2081517861328125 0.08038826813725512 0.20354189028692404 0.07887896777343753 0.24198115039062504 0.19628501213618244 0.24659104623651348
0 0.6125102509765625 0.2851349208984375 0.6120123099176761 0.2457461275342783 0.5016037719257123 0.24714187844773106 0.5021017129845987 0.2865306718118903
1 0.6443756611328125 0.38330902734375 0.6402851507868442 0.32959532224424737 0.5107189150390625 0.33946230175781245 0.5148094253850307 0.3931760068573151
0 0.6653134921875 0.4521815478515625 0.6632064434525146 0.3860826203697448 0.518487646271394 0.39069585041970245 0.5205946950063794 0.4567947779015202
2 0.3938660712890625 0.30006671582031264 0.2690449133842679 0.2986360625526793 0.2684854344560108 0.34744929300362987 0.3933065923608054 0.3488799462712632
0 0.16832671972656255 0.29280332324218744 0.012415855299593312 0.281609828817683 0.00887334667968754 0.330952380859375 0.16478421110665675 0.34214587528387946
3 0.2083806220703125 0.17379340234375 0.09847539277959544 0.16995452085626103 0.09735879589843753 0.201922123046875 0.2072640251891546 0.20576100453436397
3 0.22040046289062504 0.14627232128906256 0.11632453687380412 0.14183047729900322 0.11523511914062502 0.16735639843750003 0.21931104515744596 0.17179824242755937
3 0.23182440429687504 0.12224801562500001 0.13527130136899818 0.11698176387576108 0.13399636230468753 0.14035689453125003 0.2305494652325644 0.14562314628048897
3 0.24067427246093753 0.09822395800781251 0.15144113724255953 0.09340091693928748 0.1502473544921875 0.11548759960937502 0.23948048971056551 0.12031064067790005
3 0.2509837958984375 0.07651041699218752 0.166608484535449 0.07321469166926375 0.16585035077170784 0.09262400710144426 0.2502256621346964 0.09591973242436803
1 0.8224517197265625 0.9718618554687501 0.8180079987149438 0.7880203179831791 0.5622083330078125 0.794203373046875 0.5666520540194312 0.9780449105324461
0 0.5027066796875002 0.28249875976562505 0.5015356193390212 0.24347864456567905 0.39388912519839614 0.2467092998391166 0.39506018554687494 0.2857294150390626
1 0.49853444110967093 0.21202502924087618 0.40159986816406257 0.20813417675781254 0.4001778774558925 0.2435608763381964 0.49711245040150087 0.24745172882126004
1 0.6001603837890626 0.24293625976562508 0.5990914296651034 0.20999678730091453 0.4988793262113213 0.21324887767280212 0.4999482803352805 0.24618835013751267
0 0.4942782854040588 0.176660870451378 0.4026339965535126 0.17605458773845192 0.40241953341507886 0.20847233838082402 0.49406382226562506 0.20907862109375008
1 0.5892986113281251 0.20788070410156254 0.5881889975198319 0.17373736883409907 0.49397023828125 0.17679935546875 0.4950798520895431 0.21094269073621347
1 0.4894252646484375 0.173248759765625 0.4889018246743467 0.14541871426863348 0.4020165736977841 0.14705289102644598 0.4025400136718749 0.1748829365234375
1 0.5803640869140626 0.17403025781250003 0.5799674815028723 0.14770119845312799 0.4901064814453125 0.1490548115234375 0.4905030868565028 0.17538387088280954
1 0.5733903789789383 0.12733405186959523 0.4885806875 0.12449479199218758 0.48779811320856176 0.1478705614116549 0.5726078046875 0.15070982128906255
1 0.4868998017578125 0.1440389384765625 0.48539455716498986 0.11916986164229523 0.4023766997431148 0.12419466340010774 0.40388194433593744 0.149063740234375
1 0.4840092587890625 0.11993080371093752 0.48388990713158336 0.0983630933717942 0.40599572744408347 0.09879414512960669 0.4061150791015626 0.12036185546875
1 0.5658718984818025 0.10503859273908749 0.48639021191406245 0.10243948437500006 0.4857044911666349 0.12340907620622513 0.5651861777343749 0.12600818457031254
1 0.5600503180957033 0.08569012119776757 0.483879298828125 0.08254836328125005 0.48311696219607403 0.10103099619928882 0.5592879814636523 0.10417275411580636
1 0.4837134455091764 0.08280647525029014 0.40914045621185907 0.07872311372291561 0.40810582031250003 0.09761830371093756 0.48267880960981735 0.10170166523831209
1 0.4816589576679459 0.06257336124508092 0.4107434241774782 0.05896615499089712 0.4097982802734375 0.07754712304687505 0.4807138137639052 0.08115432930105886
1 0.5543124981667548 0.06666450718881989 0.48273313476562496 0.06292286718750005 0.48182124944866467 0.08036766958961072 0.5534006128497944 0.08410930959093055
1 0.5501396289463255 0.05153732403008981 0.4807218916015624 0.046397569335937555 0.479625112451685 0.061210713441439316 0.549042849796448 0.06635046813559156
1 0.47998745195894765 0.046557371541040074 0.41283392031591926 0.04158625072564831 0.4116322753906251 0.057818948242187564 0.4787858070336535 0.06279006905757933
3 0.2598657412109374 0.05734424609375002 0.17982816759098288 0.056519658931407375 0.17965283562718048 0.07353804777085808 0.259690409247135 0.07436263493320074