1 0.6615321427894763 0.630033925239519 0.4567850020545391 0.6249433044201071 0.45372342762443807 0.7480812541805884 0.6584705683593752 0.7531718750000002
3 0.4819391533203127 0.5688343251953126 0.28522995741748103 0.5629559891166939 0.28208694465283113 0.6681319275757805 0.4787961405556627 0.6740102636543993
3 0.6544628824589644 0.5319701660099202 0.4803838877245635 0.5273156765369286 0.47792625683593765 0.6192316464843751 0.6520052515703386 0.6238861359573667
3 0.5293710322265625 0.3566304560546876 0.3880469505709236 0.35449084269089115 0.38723478808593753 0.40813516894531254 0.5285588697415764 0.41027478230910897
1 0.44071957714843746 0.264343998046875 0.4338391838889364 0.22964229033448785 0.31788062207031254 0.2526336806640625 0.3247610153298136 0.2873353883764496
1 0.7293171298828124 0.22456001953125004 0.7259006919288316 0.19448334539904294 0.606662037109375 0.20802777734375008 0.6100784750633559 0.23810445147595719
3 0.6571537695312502 0.28772495019531263 0.5386818196096302 0.2864568199681622 0.5382063299503193 0.33087827282850435 0.6566782798719392 0.3321464030556548
3 0.49868617773437507 0.4859900791015625 0.32911335964846905 0.47889655787558644 0.32576454980468755 0.5589508925781251 0.49533736789059357 0.5660444138041012
3 0.6524126982421876 0.4545808535156251 0.5005782608339623 0.45060721705426116 0.4987093251953126 0.5220200888671875 0.650543762603538 0.5259937253285515
3 0.5147480156250002 0.414969494140625 0.36049967281872547 0.4114475148341408 0.35901589070010276 0.4764311257434298 0.5132642335063774 0.47995310504991395
3 0.6521694223683908 0.388962094707023 0.5143349184546079 0.38509820957764535 0.5126445107421876 0.44539930566406255 0.6504790146559706 0.4492631907934402
1 0.4573125000000002 0.6789868554687502 0.23257642106118845 0.6734241166174841 0.22915298337707232 0.811731878709269 0.45388906231588405 0.817294617560535