0 0.727049603515625 0.7690367060546875 0.7218714776282454 0.6131718154591738 0.49607010546874997 0.6206733632812499 0.5012482313561296 0.7765382538767637
0 0.6886775791015625 0.6019375 0.68085461464143 0.48754851795809917 0.47718683886718755 0.5014771826171875 0.48500980332731997 0.6158661646590884
1 0.49458796289062507 0.7117743056640625 0.4911797834039617 0.5690130776179063 0.2667495587945866 0.5743709643366561 0.27015773828125 0.7171321923828123
1 0.48120238085937495 0.5633018349609376 0.47838884185560027 0.45308819623742935 0.28162230767591284 0.4581112616671168 0.2844358466796875 0.568324900390625
0 0.6442655419921877 0.47971775781250003 0.6360867772182649 0.3860877400081313 0.4503012568359375 0.40231646777343755 0.4584800216098603 0.49594648557780635
1 0.45863095214843747 0.4436964287109375 0.4547123285914276 0.3561399841336781 0.2722800927734375 0.3643048115234375 0.2761987163304474 0.45186125610069694
1 0.5974603173828125 0.38445486132812506 0.5897239145396038 0.3062850783348237 0.4225353837890625 0.32283159765624997 0.4302717866322711 0.4010013806495513
1 0.427691798828125 0.3514104658203125 0.42436097230077763 0.27947843124365646 0.2531636904296875 0.28740575390625 0.25649451695703485 0.35933778848290604
3 0.24030489453124998 0.27070510937500003 0.21972121881184936 0.20055212647285775 0.03498115039062499 0.25475694433593743 0.05556482611002561 0.3249099272380797
3 0.21825859765624997 0.20471974218750005 0.20395598977590396 0.14729097148235099 0.03099702343750001 0.19036631933593753 0.045299631317846006 0.24779509004108657
1 0.5560588623046874 0.30779067480468764 0.5502075003476404 0.24069734326759198 0.38896494726562497 0.2547596728515625 0.394816309222672 0.3218530043886581
1 0.39540873046875 0.27627207324218755 0.39190547562844774 0.21680496676570435 0.23297181718902454 0.2261678757956745 0.23647507202932683 0.2856349822721577
1 0.515889880859375 0.24059126953124998 0.5107073493681016 0.1860231979471686 0.35797222265624995 0.20052901757812497 0.36315475414752335 0.25509708916220636
1 0.361370701171875 0.214844494140625 0.35751822904260133 0.16325767508545908 0.20763128320312502 0.174451140625 0.21148375533239866 0.22603795968016593
1 0.46853075390624993 0.18683903808593755 0.4635949681930751 0.13754455925329517 0.3232017197265625 0.1516019345703125 0.3281375054397373 0.2008964134029549
1 0.3260026455078125 0.161765376953125 0.3223176812422333 0.11756297336262839 0.17915277734375 0.129498015625 0.18283774160932914 0.17370041921549662
1 0.4272172617187501 0.13836408691406252 0.42283474664686943 0.09623597754975755 0.2865238095703125 0.11041617089843753 0.2909063246421931 0.1525442802627425
1 0.29057771191406245 0.11843477148437499 0.2878629903291234 0.07917761195169792 0.14804662695312498 0.08884623046875 0.15076134853806408 0.12810339000142706
1 0.38170767187500004 0.09848809570312503 0.3774477593673702 0.059621134134839465 0.251888888671875 0.07338268847656251 0.25614880117950484 0.11224965004484808