0 0.6212579365234376 0.6032611611328126 0.4722208195642718 0.5564253863703325 0.45029967011550354 0.6261811431789647 0.5993367870746694 0.6730169179414448
0 0.510806216796875 0.5708759921875001 0.3609095656010512 0.5285104681108169 0.3423498351458907 0.5941780481291856 0.4922464863417144 0.6365435722058687
3 0.6174163359375 0.49144890917968753 0.492806408808716 0.462433302022875 0.48282298905085413 0.5053079246974914 0.607432916179638 0.5343235318543039
1 0.970439814453125 0.5337795136718751 0.8361450731437629 0.46688051256987584 0.8125553585866887 0.5142351002590677 0.9468500998960508 0.581134101361067
1 0.6926001982421874 0.4047619042968749 0.6883229251779859 0.3775096382628429 0.5825827994322892 0.3941056670515152 0.5868600724964906 0.4213579330855472
3 0.6719381611328125 0.5572929072265626 0.5371301790307045 0.5190785612554617 0.5224749845373508 0.5707773970397242 0.6572829666394587 0.608991743010825
3 0.5671005292968752 0.5293559023437501 0.43396047177760305 0.4951596216323104 0.42182861704985336 0.5423938764303097 0.5549686745691254 0.5765901571417493
3 0.7168306875000002 0.5164769345703126 0.5874254841262087 0.48477599310733344 0.576530441963648 0.5292502289422112 0.7059356453374396 0.5609511704051904
3 0.6600234785156252 0.45869940429687506 0.543760488760376 0.4354809697715033 0.5363404370063455 0.4726358175765776 0.6526034267615946 0.4958542521019493
1 0.8866216933593751 0.4927048613281251 0.8785276173407743 0.4485730520227267 0.7441977509765626 0.47321006933593757 0.7522918269951634 0.517341878641336
1 0.8118812832031249 0.45876934570312505 0.805583300271781 0.42128765454524203 0.6842129628906249 0.44168129980468757 0.6905109458219688 0.4791629909625706
1 0.7492582675781251 0.42985292675781256 0.7450142834316402 0.3986785530833726 0.6311665956116959 0.4141774300541696 0.6354105797581807 0.4453518037286096