2 0.5128227509765625 0.6006927080078126 0.31375262807769816 0.599777989704829 0.3132060185546876 0.718736607421875 0.5122761414535519 0.7196513257248586
0 0.7647318125000001 0.8775111611328125 0.7642122015100884 0.7157384830040272 0.52411441796875 0.7165096728515625 0.5246340289586617 0.8782823509803478
2 0.5118220898437501 0.5925171132812501 0.5114326362350291 0.4923087670035523 0.334923748713099 0.49299475799901515 0.3353132023218199 0.5932031042767131
1 0.3064986777343751 0.412043650390625 0.12824511185641613 0.41092153840275597 0.12769808203125005 0.4978201884765625 0.305951647909209 0.49894230046443155
0 0.6302602509765625 0.4847819941406251 0.6299277721173447 0.40413857003261555 0.46014814843750007 0.4048385419921875 0.4604806272967177 0.48548196610019706
0 0.46477958744200804 0.3989306829889079 0.4612865464250701 0.3258390852703532 0.3089504111314996 0.3331192157580079 0.31244345214843755 0.40621081347656257
2 0.69397222265625 0.5861170634765626 0.6904767881084892 0.4855352281772817 0.5116954365234375 0.49174826367187496 0.5151908710711983 0.5923300989711558
3 0.71842989453125 0.5964791669921875 0.5221881611328125 0.5964791669921875 0.5221881611328125 0.7109092265625 0.71842989453125 0.7109092265625
0 0.522851521484375 0.8744161708984376 0.5171325698058403 0.7143513008943714 0.28944837644646537 0.7224862208162464 0.295167328125 0.8825510908203126
3 0.3104751731050463 0.8862661753286187 0.30067108958966493 0.7240992382150293 0.04193963328149359 0.7397412972614106 0.051743716796875006 0.901908234375
0 0.45765542285156247 0.49156522851562495 0.4565474652629248 0.40621784008621814 0.29665791545823733 0.4082934846174681 0.297765873046875 0.49364087304687493
0 0.6120945771484376 0.39938740039062504 0.611568680263059 0.3243849766621431 0.4635739712786839 0.32542267588089313 0.46409986816406257 0.40042509960937506
0 0.7624702382812502 0.39575620019531255 0.7603163394992452 0.31764164669927714 0.6050315911292323 0.32192340490448923 0.6071854899112373 0.40003795840052464
0 0.7951851855468749 0.4802098212890624 0.7923479787156978 0.3991192439839459 0.6199027773437499 0.40515277734375 0.6227399841749269 0.48624335464886653
0 0.9101087958984375 0.388894345703125 0.907317311715192 0.3126975745120151 0.7480059521484376 0.318533978515625 0.750797436331683 0.3947307497067349
0 0.9565820107421874 0.4748211806640626 0.9537421997156244 0.3931541384894747 0.7704072127522393 0.3995292526563427 0.7732470237788024 0.48119629483093057
1 0.3182787798669304 0.4084935941952324 0.318098544921875 0.3314895830078125 0.16245890926274886 0.3318538718383409 0.16263914420780426 0.4088578830257608