2 0.5046213623046875 0.500638640625 0.34051027937938644 0.497081322563839 0.3390482802734375 0.5645282734375 0.5031593631987384 0.568085591498661
2 0.5019179892578126 0.495314484375 0.5018147206776306 0.43597994918427735 0.3561790287673692 0.4362334203049167 0.35628229734755124 0.4955679554956393
2 0.6502579365234376 0.4922723212890625 0.6478466479933416 0.4290687933604802 0.5007278437499999 0.4346815478515625 0.5031391322800958 0.4978850757801448
3 0.6668151455078125 0.56049851171875 0.6666129115154928 0.49757805146650186 0.5088149150015692 0.49808523337024385 0.5090171489938888 0.5610056936224921
3 0.3341592651098996 0.6620902670052337 0.3320430553966637 0.5678532911536595 0.12319298364613909 0.572543281960926 0.125309193359375 0.6667802578125002
0 0.51138855859375 0.6526639384765625 0.508207298459734 0.5621600227628278 0.320670591428484 0.5687520364347028 0.32385185156249996 0.6592559521484375
0 0.595189484375 0.4321505458984375 0.5947927878419392 0.380970713609694 0.4587675263671875 0.3820250498046875 0.4591642229002482 0.433204882093431
0 0.46138525097656263 0.33815525781250005 0.3402546196552329 0.3367305210764736 0.33970204980468754 0.3837098212890626 0.4608326811260173 0.38513455802508906
0 0.9996693125000001 0.4223695439453125 0.9975517169435887 0.3732767273145328 0.8306732802734375 0.3804749501953125 0.8327908758298489 0.4295677668260922
0 0.7078528437500001 0.6543348212890625 0.7076641099184987 0.5639182640812094 0.5111565684325643 0.5643284502503014 0.5113453022640657 0.6547450074581546
0 0.458004298828125 0.43517956347656245 0.4575440539115641 0.38399303939860535 0.3262412124286347 0.3851736521948655 0.32670145734519557 0.4363601762728226
1 0.33386441796874994 0.38599801562499997 0.19053422855762447 0.38381920802158076 0.1897751318359375 0.4337554560546875 0.333105321247063 0.4359342636581067
0 0.21076488085937506 0.384418154296875 0.05188550502114994 0.3805355704986782 0.05058829394531256 0.43361879980468754 0.20946766978353767 0.4375013836028843
1 0.34565211621093755 0.3376356650390625 0.2167644489866852 0.33717807695899044 0.21660083043238326 0.3832640977645532 0.34548849765663564 0.3837216858446253
0 0.5830596318572315 0.33593787790385105 0.4634765499358592 0.3334441788237901 0.4625282120579644 0.3789208632594511 0.5821112939793368 0.38141456233951204
0 0.7020462958984376 0.380311259765625 0.7012520926374881 0.3312659138341379 0.5757130146410429 0.33329879877414115 0.5765072179019923 0.3823441447056283
0 0.7263601191406249 0.42975669628906243 0.7253705925808447 0.38243412968979 0.587290013671875 0.38532142871093744 0.5882795402316553 0.43264399531020986
0 0.823440806640625 0.37765252929687504 0.8224244376879203 0.3298151738140221 0.6904897490234375 0.3326183037109375 0.6915061179761423 0.38045565919379043
0 0.8600588623046875 0.42858854199218754 0.8593557728541121 0.3802501088361204 0.7091446526050953 0.38243495114710774 0.7098477420556707 0.43077338430317486
0 0.9521088748778196 0.33385804090221144 0.8042132939453125 0.33312748046875007 0.8039840058964154 0.37954484396031624 0.9518795868289225 0.3802754043937776