0 0.7159503964843749 0.5693377978515626 0.7049124035567358 0.4930784093514949 0.5429685849609375 0.5165186015625 0.5540065778885765 0.5927779900625676
0 0.6641921298828124 0.502170138671875 0.6583395082677778 0.441220325231151 0.5123239551829663 0.4552412669514486 0.5181765767980009 0.5161910803921727
3 0.4287189150390626 0.6147098212890626 0.4161928722182422 0.5374448106532655 0.26831158901511715 0.561419016707953 0.2808376318359376 0.6386840273437501
1 0.2371574072265626 0.42002827343750004 0.08639844645110714 0.4012512501048344 0.07963454635766361 0.4555579701216643 0.23039350713311907 0.47433499345432995
1 0.17316997363281256 0.38356051562500004 0.032588053904622265 0.36598088164873477 0.026514715407964927 0.4145485359111587 0.16709663513615522 0.432128169887424
3 0.62684722265625 0.31560168652343756 0.6226407350345472 0.2843047482068043 0.5149295634765624 0.2987817460937501 0.5191360510982652 0.33007868441038335
3 0.6793637568359375 0.2756220234375 0.6760648831563761 0.24924203508022047 0.5749758593749998 0.2618834326171875 0.5782747330545612 0.288263420974467
3 0.5352089951171876 0.515251984375 0.5257421542905719 0.45539524513934215 0.3918310185546875 0.476574404296875 0.4012978593813031 0.5364311435325327
3 0.4034414677734375 0.5364709824218749 0.3945602199046566 0.4760450524023463 0.2620853173828125 0.49551587304687505 0.2709665652515934 0.5559418030664036
3 0.27584504528454573 0.6450395624050981 0.26482605859375 0.5641837792968751 0.10896844690295433 0.5854239786105272 0.11998743359375001 0.6662797617187501
3 0.5750304228515624 0.5893804560546877 0.5617385685522412 0.5138926252796168 0.41382308203125 0.5399375000000001 0.4271149363305712 0.615425330775071
1 0.17697354492187506 0.47024627929687507 0.00837223668083159 0.4497125247241612 0.0004310260040414349 0.5149172832783393 0.1690323342450849 0.5354510378510533
1 0.28963756640625 0.37654439453125 0.1518222389425425 0.360282780980455 0.1464105492609074 0.4061462362444037 0.2842258767246149 0.4224078497951987
3 0.7162655419921874 0.30419593261718747 0.7128616564626459 0.27398728591620675 0.6006368754590673 0.2866326821795769 0.6040407609886088 0.3168413288805576
1 0.6626603837890626 0.35028298632812505 0.657378879226934 0.312902515278512 0.53959226171875 0.329544642578125 0.5448737662808785 0.36692511362773805
1 0.758422619140625 0.3389000498046875 0.7538772858902882 0.3020676247417923 0.6326137568359376 0.3170322421875 0.6371590900862744 0.3538646672503952
3 0.5963501982421875 0.28648586328125 0.5928986053649075 0.25927605760332995 0.4932083330078125 0.2719218749999999 0.4966599258850925 0.29913168067791995