0 0.46325 0.45207986132812494 0.4611750293663456 0.3870877549723504 0.31796570417103304 0.39165992782391296 0.32004067480468745 0.4566520341796875
0 0.32437389497642477 0.45483655131792944 0.3226786188401573 0.39033547261243257 0.16680803050435747 0.3944322054741906 0.16850330664062496 0.4589332841796875
0 0.4581445107421875 0.3868816962890625 0.456884629289393 0.3321012630771457 0.3277368119065805 0.33507150135839564 0.328996693359375 0.3898519345703124
0 0.6004970234375 0.4227393349609375 0.5992800306772836 0.3656140658394148 0.4606211068485604 0.36856804590872494 0.4618380996087768 0.42569331503024765
0 0.7376001982421875 0.41889012890625 0.7350562720786356 0.35732081993511666 0.5891977622881343 0.3633474147667515 0.5917416884516862 0.4249167237378848
0 0.7731378964843749 0.4930848212890625 0.7708720262752237 0.4219307967499176 0.6063045634765624 0.42717137890625007 0.6085704336857136 0.49832540344539494
0 0.62067493359375 0.49455233105468754 0.6178490388398328 0.4227724735883722 0.4648373017578125 0.42879637890625 0.4676631965117298 0.5005762363725653
1 0.9204464287109374 0.48838516894531236 0.9192445035948645 0.4180273143396819 0.7428349863281248 0.42104092285156247 0.7440369114441977 0.49139877745719296
3 0.7471408730468752 0.7048499501953126 0.7418487592799501 0.5912431191406369 0.5389074072265626 0.6006966767578126 0.5441995209934877 0.7143035078124883
3 0.8738786376953124 0.5820401787109375 0.8705152941200963 0.49373091969706484 0.679935515625 0.5009893349609374 0.683298859200216 0.5892985939748101
1 0.1934214097158648 0.4351700198052595 0.19228362782435035 0.37275598091443285 0.026185631194423072 0.37578387810136094 0.027323413085937498 0.4381979169921876