3 0.5274636240234375 0.7832504960937501 0.5226506048917904 0.6582839367293295 0.3398638988371029 0.665323867393392 0.34467691796875 0.7902904267578126
3 0.49172023828125 0.4644042656250001 0.48987414700268983 0.39531283186807525 0.35441912063550235 0.3989321277665127 0.3562652119140625 0.46802356152343755
1 0.4771306220703125 0.3339461806640625 0.4769438984797528 0.28376481080679933 0.3619667158625653 0.28419263795523675 0.36215343945312495 0.33437400781249993
3 0.7118921953125001 0.33158680566406257 0.7112426082278205 0.2810234755023153 0.5902106484375 0.28257837304687505 0.5908602355221797 0.3331417032086223
1 0.5427387568359376 0.9461297119140626 0.5348878402988245 0.7875664229297706 0.3277906176425744 0.7978203916797707 0.3356415341796875 0.9563836806640627
3 0.5000453046875 0.5481036708984374 0.4971212978020262 0.4659242114895909 0.35242751459890126 0.4710725249661534 0.35535152148437504 0.553251984375
3 0.4829219580078125 0.393017857421875 0.4824758860078663 0.335518161317072 0.3584649729219287 0.33648021502800957 0.3589110449218749 0.39397991113281255
3 0.50882308203125 0.6526391367187498 0.5035493712462601 0.5502021085319929 0.34409070718376006 0.5584114337273055 0.34936441796874995 0.6608484619140624
3 0.593418650390625 0.3314464287109375 0.5929354442059084 0.28250213009992303 0.4771140869140625 0.28364558496093745 0.47759729309877924 0.3325898835719519
3 0.8279712228072551 0.29066898507886224 0.7015853173828127 0.2843127480468752 0.6992674795368362 0.3304000845191592 0.8256533849612786 0.33675632155114626
3 0.9364078280482258 0.2948742680527248 0.8060042988281249 0.29450892871093753 0.8058795391392742 0.3390404145644628 0.9362830683593751 0.3394057539062501