1 0.6393759921874999 0.6919459326171875 0.6345629777340468 0.5696328107418196 0.44301058203124993 0.57717038671875 0.44782359648470305 0.6994835085941179
1 0.608765873046875 0.5712547119140625 0.6080236419103138 0.47134084198793513 0.4386984130859375 0.47259870996093756 0.43944064422249873 0.5725125798870649
3 0.3074920634765625 0.5551011904296875 0.2942870945550916 0.4554203018429448 0.1055978837890625 0.4804164189453125 0.1188028527105334 0.5800973075320552
0 0.5602979245304103 0.2623465290450278 0.4250992060546875 0.2544427080078125 0.4215698649226858 0.3148138115365445 0.5567685833984085 0.3227176325737598
1 0.7131116606953213 0.3276743842386648 0.560223544921875 0.3235503476562501 0.5584336000943614 0.3899079772621334 0.7113217158678077 0.39403201384454806
3 0.3184166669921875 0.2197093251953125 0.16665204046335133 0.16611226758479597 0.1428968134290362 0.23337721308178822 0.2946614399578724 0.28697427069230474
3 0.41848313476562504 0.2572462792968751 0.26922220053280926 0.20367494814118803 0.24526169947534887 0.27043391595793687 0.39452263370816465 0.32400524711362394
0 0.6844153209955024 0.26598493349060554 0.5475873017578125 0.26253373046875006 0.5461174172857476 0.3208094620172071 0.6829454365234375 0.3242606650390626
1 0.5758298412184535 0.3236629537812705 0.42842724902343754 0.31625917675781257 0.4249901823246035 0.38468810693089966 0.5723927745196193 0.3920918839543576
1 0.5924297092752043 0.3920676605454691 0.43290443164062503 0.3880652285156251 0.43090332440183504 0.4678235318332666 0.5904286020364143 0.4718259638631106
1 0.7428038284222676 0.39426220787069066 0.5778938496093751 0.3934893349609376 0.5775228487038824 0.4726507995333128 0.7424328275167749 0.4734236724430659
1 0.7816703046874999 0.5727720732421874 0.781406446565896 0.47638803715307837 0.5970925927734375 0.476892609375 0.5973564508950414 0.5732766454641091