0 0.6657695107421875 0.7415062001953127 0.48492296650022876 0.6106250884997625 0.388995063582749 0.7431746177195251 0.5698416078247077 0.8740557294150753
0 0.7815343916015626 0.639701388671875 0.5850242789716587 0.5367663909488223 0.523986579598299 0.6532916296319808 0.720496692228203 0.7562266273550335
0 0.7593531748046876 0.4639965273437502 0.59240595696396 0.38753441334594674 0.5556757689272005 0.46773102815154755 0.722622986767928 0.544193142149351
1 0.6695988759765625 0.5302187500000002 0.4967256126938713 0.4374330096507508 0.4452298819494049 0.5333770090779725 0.6181031452320962 0.6261627494272219
1 0.32124074121093754 0.45274454394531255 0.2770901179849481 0.3608806611624959 0.094296626953125 0.44873288671875 0.13844725017911447 0.5405967695015667
3 0.43129894140625 0.397765625 0.3922750240136746 0.3164097897825362 0.23400958984375 0.39232490039062506 0.2730335072363254 0.4736807356080889
3 0.5286881611328126 0.35402033691406265 0.3737078472827998 0.2802051880819032 0.34117234684933273 0.3485158553124368 0.49615266069934544 0.4223310041445963
3 0.3154695771484375 0.34985838281250004 0.28678829903868036 0.276248194388174 0.1167314814453125 0.34250868066406254 0.14541275955506966 0.4161188690883886
3 0.4117288359374999 0.3106510419921875 0.26416713991967433 0.2386857910765261 0.23175981413167984 0.30513563868815985 0.37932151014950544 0.37710088960382127
1 0.63927976171875 0.4034761904296876 0.4888593912096242 0.3271079833702305 0.45343817646474716 0.39687618208752523 0.603858546973873 0.4732443891469823
1 0.7223339951171875 0.3532633925781251 0.5728249900218624 0.2928983043675709 0.5463370422305032 0.35850222939605514 0.6958460473258283 0.41886731760660934
3 0.49870006640625 0.2766768349609376 0.35800731682383974 0.21635570319392913 0.33414368603494365 0.272015133518901 0.4748364356173539 0.3323362652859094