2 0.6435357138671876 0.5548988095703125 0.45681289963405025 0.5255233676502952 0.44142923537289125 0.6233084866582906 0.6281520496060286 0.6526839285783079
0 0.9799368803653581 0.6051729799668506 0.7847440185054114 0.5769100846190917 0.7685214242728658 0.6889486622694287 0.9637142861328125 0.7172115576171876
3 0.9918110557765747 0.7285048498314768 0.7677600147903979 0.6885567150598024 0.7433484297169484 0.8254702675720758 0.967399470703125 0.8654184023437501
0 0.3416240078125001 0.5251041669921875 0.1520259696904785 0.48541522607731347 0.131357306532475 0.5841514960565851 0.3209553446544966 0.6238404369714592
0 0.5341207011718749 0.473155009765625 0.3592599309275206 0.4437807241189867 0.3455717587890625 0.525264384765625 0.5204325290334169 0.5546386704122632
0 0.4052863759765625 0.4531879960937501 0.23593067890096933 0.41749480992634136 0.21919345214843758 0.49690897851562504 0.3885491492240307 0.5326021646830338
0 0.5455165341796876 0.2882690976562501 0.41214375055763103 0.27370036108576473 0.4064519632562014 0.3258071112149593 0.539824746878258 0.3403758477854446
1 0.41030357128906253 0.6525545634765625 0.20440566598300725 0.6028557751140984 0.1748432703071082 0.7253302970502027 0.38074117561316345 0.7750290854126667
2 0.7894890869140624 0.5789794150390625 0.6089355682105755 0.550322368891617 0.5924006201995577 0.6545006931197273 0.7729541389030445 0.6831577392671727
0 0.9920393515625001 0.5088653271484376 0.8095519586292231 0.48635967291869825 0.798424328339292 0.5765882092858648 0.980911721272569 0.5990938635156042
2 0.677622685546875 0.47490525781250004 0.5109136865262853 0.44966008064883534 0.49935016406616406 0.5260209333369091 0.6660591630867537 0.5512661105005738
3 0.823767857421875 0.49330877929687506 0.6540056247791145 0.47388781188596446 0.6445550410560087 0.5564970948669172 0.8143172736987692 0.5759180622778278
0 0.4786547617187501 0.5519970234375001 0.2870738471087344 0.5177185635075315 0.26835805173578514 0.6223203805824218 0.4599389663458008 0.6565988405123903
0 0.5756597226562501 0.4076143349609377 0.42182932959485664 0.38879899157792686 0.41374132587749624 0.45492485309406505 0.5675717189388897 0.4737401964770759
0 0.4546779101562499 0.392768353515625 0.30705983453305624 0.35924154404495046 0.29200066113281253 0.42554687500000005 0.4396187367560062 0.45907368447067465
0 0.5001871689453125 0.3401708828125001 0.36455992305373086 0.31124455263303574 0.3525533148561937 0.36754008657143084 0.48818056074777527 0.39646641675089517
0 0.6124064150390626 0.3526840273437501 0.4712981923779024 0.33532569660542094 0.464423417217968 0.39121167542660834 0.6055316398791282 0.4085700061649375
0 0.64694708984375 0.2986440976562501 0.5168870003082079 0.2845262570130599 0.5109880516224533 0.3388701055962273 0.6410481411579955 0.3529879462394174
0 0.6792212304687503 0.2579580849609376 0.5557411102764629 0.24350754041529837 0.5507681875 0.2860012402343751 0.6742483076922874 0.30045178478001433
0 0.5801964287109376 0.24925495996093758 0.4566528197288304 0.2373790897172178 0.45276929603647575 0.27777903706210694 0.5763129050185829 0.2896549073058267
0 0.702349537109375 0.22296750976562504 0.5911997974402569 0.20991785128053644 0.5869996689453125 0.2456922119140626 0.6981494086144306 0.2587418703991512
1 0.6088359785156251 0.2137075888671876 0.49428197718396866 0.20673858956863905 0.49228781488383117 0.23951794008931862 0.6068418162154875 0.24648693938786714
0 0.7264467587890626 0.18932291699218762 0.6163327101827254 0.18285689011131107 0.6144150211850893 0.21551442516147673 0.7245290697914265 0.22198045204235328
1 0.6357225527343748 0.18409722265625006 0.5300425849076436 0.17628687511147176 0.527877310822131 0.20558468732547766 0.6335572786488622 0.21339503487025596
1 0.26265509277343757 0.6164930556640627 0.053196348750725625 0.5635559650797203 0.02310012853041346 0.6826391337539373 0.23255887255312543 0.7355762243382796
0 0.3293683867187501 0.76725148828125 0.17560533981922488 0.6687676844991788 0.05336474902343763 0.8596222714843749 0.20712779592296282 0.9581060752664462