1 0.5096263783906153 0.6674152369528712 0.3159883437030504 0.6673055534359703 0.31591884324212266 0.7900034121862242 0.5095568779296875 0.790113095703125
1 0.7022523144531249 0.732123015625 0.7000873309814769 0.6196212382621522 0.5133257275390624 0.6232152773437499 0.5154907110107103 0.7357170547065978
3 0.5081431875 0.6596356650390626 0.5071729062383161 0.5655248349809227 0.33567852830862877 0.5672929394731102 0.33664880957031257 0.6614037695312501
3 0.6725707675781248 0.6129608134765624 0.6714602086603082 0.5303406137718014 0.510014605935265 0.5325107229519933 0.5111251648530817 0.6151309226567543
3 0.502933201171875 0.5640468750000001 0.502683285041517 0.49030002934535744 0.35462772937745457 0.4908017656734824 0.35487764550781253 0.5645486113281251
3 0.6489834658203125 0.5259206347656251 0.6476210973808714 0.4569424654907412 0.5079210309746214 0.45970164224855364 0.5092833994140625 0.5286798115234376
3 0.5046044970703125 0.4852859619140624 0.5038251457290644 0.42549879886813324 0.369137976783752 0.42725450394625825 0.36991732812499994 0.4870416669921874
3 0.5005595234375 0.4216897324218749 0.5000208108923465 0.3710851521359225 0.379175903665784 0.37237161014373504 0.37971461621093744 0.4229761904296874
3 0.6204808203125 0.3962289189453125 0.620056304982774 0.3505201813500739 0.5040882939453125 0.35159722265625 0.5045128092750385 0.39730596025148857
3 0.6353468916015625 0.455830357421875 0.6347828455601588 0.3999652457588241 0.5053695214773892 0.4012718765160316 0.5059335675187929 0.4571369881790825
1 0.622753306640625 0.31033879003906256 0.49807543757543193 0.28318518571170004 0.48940253972368114 0.3230074652787165 0.6140804087888742 0.35016106960607907
1 0.7246498017578125 0.33205977148437504 0.5921506010444462 0.3036904431436181 0.58324338671875 0.34529166699218755 0.7157425874321163 0.3736609953329445
1 0.442688822265625 0.2731808037109375 0.31851778969862976 0.2507536432481265 0.3119503392469749 0.2871152283568082 0.43612137181397015 0.30954238881961926
3 0.4977430556640625 0.36781200390625 0.4969552273141734 0.3262351327606465 0.38674755543917344 0.32832342670595893 0.38753538378906255 0.3699002978515625
1 0.53053373046875 0.2895329863281251 0.40403444166427754 0.2645558786343551 0.3961731882791338 0.30437005466004785 0.5226724770836061 0.32934716235381784
1 0.6719384921875001 0.27890004980468763 0.5535607264345599 0.2551707268103054 0.5462424945883207 0.29167897171155693 0.664620260341261 0.3154082947059391
1 0.58203174609375 0.26148090234375004 0.46563922040049077 0.24043921813663152 0.45951520865238166 0.27431431994509187 0.5759077343456408 0.2953560041522104
1 0.49555522460937496 0.24567237109375006 0.3804850506628157 0.22726542335740108 0.37540340962219776 0.2590330649486879 0.49047358356875703 0.2774400126850369
1 0.770538359375 0.29838591308593754 0.6473191781902805 0.2743815926419637 0.6397240175177631 0.3133691357893861 0.7629431987024826 0.3373734562333599