3 0.579216931640625 0.58389211328125 0.5598235119291798 0.46545712301315095 0.35430423242187503 0.4991103671875 0.3736976521333203 0.6175453574555991
3 0.7651921298828125 0.5495873017578125 0.7454913745319816 0.43606988564611193 0.5342589287109375 0.47272891894531255 0.5539596840617684 0.5862463350570131
1 0.6493439150390625 0.7297857138671876 0.6196794472827624 0.5784479780967802 0.3904990078125001 0.6233707841796876 0.42016347556880024 0.774708519950095
3 0.5256382275390624 0.46686334277343744 0.5109898024742703 0.36889103969105813 0.32390740722656247 0.39686284765624996 0.33855583229135466 0.49483515073862927
1 0.4803184521484375 0.37338888867187503 0.4699846700660912 0.29155297559998555 0.298836030521319 0.3131646700059863 0.30916981260366533 0.3950005830778758
1 0.31578736816406244 0.39643898828125007 0.30649721004266195 0.31312892964618533 0.13813080769891198 0.3319039794508728 0.1474209658203125 0.41521403808593754
1 0.7799229501953128 0.33554637890625 0.7697389688830493 0.25706549220937897 0.593638888671875 0.2799169150390625 0.6038228699841385 0.35839780173593355
2 0.6935684521484375 0.4427857138671875 0.6796141287644565 0.34781283094650756 0.49094279101562494 0.3755342265625001 0.504897114399606 0.47050710948318003
1 0.856189814453125 0.6875892861328126 0.82802942065131 0.5421913450777003 0.5919695771484375 0.5879109619140624 0.6201299709502525 0.7333089029691747
1 0.6342605820312501 0.35323809570312503 0.6242773218602543 0.2741942975578935 0.45275099218750003 0.295858134765625 0.46273425235849575 0.37490193291085655
1 0.9209146826171875 0.31637549609375004 0.9110765352618808 0.24158688133708572 0.7323740078124998 0.265094494140625 0.7422121551678065 0.33988310889728934