0 0.7177886904296875 0.5100228173828126 0.5763846220668215 0.4619971288018788 0.5564800092798818 0.5206031230192776 0.6978840776427478 0.5686288116002114
0 0.6304411376953125 0.4804930556640626 0.6093554367224322 0.4280801060982727 0.478598544921875 0.48068353222656257 0.49968424589475524 0.5330964817923525
1 0.4980939150390625 0.3848420136718749 0.4843754835481695 0.349936208560138 0.3793336640625 0.39121899804687493 0.39305209555339293 0.42612480315861184
1 0.5598985755913054 0.3660452922856154 0.5491768926752358 0.33218037491455865 0.44470714131710365 0.36525565267501237 0.4554288242331732 0.39912057004606905
3 0.4574004628906251 0.66171626953125 0.41545202382768726 0.5817203017088752 0.2578743388671876 0.6643511904296875 0.29982277793012535 0.7443471582520623
1 0.19685200168590244 0.8102224565528933 0.17706283105468748 0.7147204863281249 -0.01862845676402744 0.7552701030174191 0.001160713867187524 0.8507720732421875
1 0.19466669350060006 0.6274908087143679 0.18381874243907403 0.568430645596573 0.03249728721972393 0.5962248075853301 0.04334523828124999 0.6552849707031251
3 0.6410861019816003 0.5570093088322952 0.6063103080353645 0.4902424714520403 0.47695105859375 0.5576197919921875 0.5117268525399858 0.6243866293724424
3 0.5488185287887458 0.5173078627131712 0.5248569721382033 0.46234832250198377 0.39210051175312266 0.5202281998448275 0.41606206840366533 0.5751877400560149
3 0.46371593945312495 0.5579082343750001 0.43622960590127413 0.4997939103500987 0.298110119140625 0.5651202880859376 0.32559645269247584 0.6232346121108391
3 0.5549718916015625 0.6029657734375001 0.5132169520650466 0.5284758617564372 0.373711640625 0.6066748515625001 0.41546658016151583 0.681164763243563
2 0.3637592587890625 0.60698090234375 0.33084353190683896 0.54046320969284 0.18224735449218749 0.6139947919921875 0.21516308137441104 0.6805124846430975
1 0.19481665019895628 0.7072844786861323 0.180090939453125 0.6344020341796877 0.007210466988543718 0.6693320896732429 0.021936177734375006 0.7422145341796875