2 0.5028852509765624 0.645092509765625 0.4827433098149325 0.5258305776741978 0.28213591308593744 0.5597108134765625 0.3022778542475673 0.6789727455679897
3 0.4518022490234376 0.53115277734375 0.4399620826948696 0.43589193611886495 0.253463955078125 0.45907217285156254 0.265304121406693 0.5543330140764476
3 0.6794169970703124 0.6111974208984375 0.6587638613246214 0.499009470274687 0.4621960976562501 0.5351964287109375 0.4828492334019411 0.6473843793346881
3 0.6144338623046876 0.5087296630859375 0.602587081461862 0.4207042113039944 0.41976157421875 0.4453095234375 0.43160835506157547 0.5333349752194432
1 0.8442830683593749 0.584363095703125 0.8254244829622726 0.4774221296379692 0.6221858466796875 0.5132624003906251 0.6410444320767898 0.6202033664557809
0 0.762998015625 0.48815873046875 0.7515173898550414 0.4023740625943745 0.567257275390625 0.42703373046874993 0.5787379011605837 0.5128183983431255
1 0.9812109785156249 0.4495974707031251 0.9701690747003299 0.3684789289010316 0.784537037109375 0.3937472714843751 0.79557894092467 0.4748658132864686
1 0.8965889550781251 0.377049107421875 0.8887342723932583 0.3112604727167427 0.724359126953125 0.3308856650390625 0.7322138096379918 0.3966742997441948
1 0.6772294970703125 0.1786626982421875 0.6748284547994696 0.14231829056087061 0.5518320170701508 0.15044387754912725 0.5542330593409938 0.1867882852304441
1 0.6377791005859377 0.1425230654296875 0.6351697700092546 0.10807098217527802 0.52215873046875 0.11663020800781253 0.5247680610454332 0.151082291262222
1 0.60463161328125 0.11121577343749998 0.6033121898976193 0.0816881396682923 0.49567658691406247 0.08649776757812498 0.4969960102976932 0.11602540134733266