0 0.45816832031249993 0.6164801591796875 0.43099885664571613 0.5014316295569945 0.24521843281759123 0.5453048932288695 0.272387896484375 0.6603534228515625
0 0.64163855859375 0.57452777734375 0.6164444360050738 0.4644064971009246 0.4211535080435431 0.5090861772560206 0.44634763063221927 0.619207457498846
0 0.7208151455078123 0.7056607138671875 0.6868570281912367 0.5668657787264635 0.463863095703125 0.62142435546875 0.4978212130197007 0.7602192906094739
0 0.5157929892578126 0.4845870537109376 0.4966428649757675 0.3959583769677807 0.321012896484375 0.43390699414062495 0.34016302076642 0.5225356708837818
0 0.468425595703125 0.3993231650390625 0.4522467181153782 0.32149393817147254 0.2986392197265625 0.35342534765625 0.31481809731430926 0.43125457452384
0 0.6768743388671875 0.447422123046875 0.6562839979876978 0.3603624190676889 0.4755095898437501 0.4031170634765625 0.4960999307232399 0.4901767674557486
0 0.613220568359375 0.369702380859375 0.5974609778912059 0.2954494451898585 0.4345836640625 0.330018849609375 0.45034325453066903 0.40427178527889146
0 0.5189804892578126 0.24469097265625012 0.5092618680498301 0.19052409708377233 0.37250363769531253 0.21506125976562504 0.3822222589032949 0.2692281353381028
1 0.5584041005859375 0.3033685517578125 0.5455873418956628 0.24056183063884296 0.397261904296875 0.27083010937500007 0.4100786629871497 0.33363683049396964
1 0.7550744042968749 0.9006133427734375 0.7099271763249099 0.7160131279764367 0.45367328027343745 0.7786845234375 0.4988205082454026 0.9632847382345009
3 0.94850661328125 0.3596160712890626 0.9295603497214181 0.2783284116711857 0.7447665341796874 0.32139955371093754 0.7637127977395193 0.4026872133288144
1 0.6719907412109375 0.16458804589843753 0.6647268317671237 0.12170558114486768 0.5275406748046875 0.1449437001953125 0.5348045842485012 0.18782616494888232