3 0.6026762568359374 0.80548685546875 0.6022338913984745 0.6575277412802714 0.38356590214066205 0.6581815108115214 0.38400826757812495 0.806140625
3 0.5899166217436149 0.5483652621306686 0.40087329993734033 0.5454694026038461 0.39925396777343763 0.6511803076171875 0.5882972895797123 0.65407616714401
1 0.5610615802289343 0.2731342810714464 0.437842560199568 0.2726502551879931 0.4376490356346962 0.32191602392123425 0.5608680556640625 0.32240004980468756
1 0.55621626953125 0.2707390869140625 0.555985470315431 0.2279933383300458 0.4433082222685561 0.22860172211910829 0.443539021484375 0.271347470703125
3 0.8179745371093751 0.3229129462890626 0.672312942012219 0.2661588280063713 0.6489735757257035 0.3260601959549854 0.7946351708228595 0.3828143142376767
3 0.9325036376953125 0.36822048632812504 0.7742406994284258 0.3061714777728105 0.7493030616754917 0.36977771284578925 0.9075659999423784 0.4318267214011038
3 0.5788598254746579 0.46135856118346974 0.4148641330972248 0.4585117264617014 0.413439493169442 0.5405800002391691 0.577435185546875 0.5434268349609374
3 0.5714926417850256 0.3885945562829869 0.4254974826047187 0.3853292745547693 0.42395701074218756 0.45420585351562504 0.5699521699224944 0.45747113524384264
3 0.5643165842368287 0.32652722894624475 0.43345300485512683 0.32499932536948 0.4327772936651731 0.3828733864622978 0.563640873046875 0.38440129003906254
3 0.5515297617187501 0.22628670605468754 0.5514314932447215 0.19063574058349333 0.44804847437258705 0.19092070597982294 0.44814674284661565 0.22657167145101714
3 0.5508988095703123 0.1889751982421875 0.5504626504280188 0.1582823182961369 0.4526904941780188 0.1596717030617619 0.4531266533203125 0.1903645830078125
2 0.7425750664062502 0.3665716767578126 0.6004194885081925 0.3055301667595302 0.5724499822122019 0.37066651956505214 0.7146055601102596 0.43170802956333454
3 0.8578290341796876 0.4160322421875001 0.6906266447630703 0.34750997509413317 0.6630744377481366 0.414740600145127 0.8302768271647538 0.48326286723849393