0 0.44012566590494206 0.5967821456966996 0.43919510546874996 0.49491989062499997 0.19146555010157 0.49718301863976755 0.19239611053776212 0.5990452737114672
0 0.6650720898437501 0.5919957841796876 0.6615665967708066 0.4896914579387904 0.43207552548174416 0.4975550487591029 0.4355810185546876 0.5998593750000001
0 0.4503165179943528 0.4891522782718724 0.4484291962802046 0.4183230411562357 0.24215004644991428 0.42381957245467583 0.24403736816406246 0.49464880957031254
0 0.6376054892578126 0.485157986328125 0.6346227125673155 0.4166778288597107 0.4416332945985653 0.42508383081283574 0.44461607128906244 0.49356398828125003
0 0.6133915341796874 0.4151984130859375 0.6111244836408911 0.36450453592227633 0.4474088752424537 0.3718259636566513 0.44967592578124993 0.4225198408203125
1 0.4313171298828126 0.5992750498046876 0.11919974022532459 0.5967207125256555 0.11797592838331543 0.7462596793235597 0.4300933180408034 0.7488140166025918
1 0.7205453046875002 0.7379588291015626 0.7142288826730298 0.5894700178782518 0.4146253768136546 0.6022145618235643 0.420941798828125 0.7507033730468751
0 0.8104487431640625 0.9914558535156252 0.808282635146264 0.7420338001136187 0.40032562440407654 0.7455767063636186 0.4024917324218751 0.994998759765625
2 0.876673611328125 0.5494315478515626 0.8724532064525403 0.458728581496562 0.6395514627508635 0.469565488977665 0.6437718676264482 0.5602684553326656
0 0.4604404765625 0.2892566962890625 0.32559546050136867 0.28736813683086276 0.32507804117765726 0.32431238908263876 0.45992305723878857 0.3262009485408385
0 0.5822817460937502 0.32027356152343744 0.5807385253324371 0.2818795159570793 0.4588972558011869 0.2867768372461418 0.4604404765624999 0.32517088281249995
0 0.4486142516038594 0.3719046471754375 0.27851742637138005 0.3629345912685159 0.27555357128906255 0.4191374003906251 0.4456503965215419 0.42810745629754665
1 0.4159279101562501 0.7536817958984375 0.0026234265865268495 0.7513322483462713 0.0012619042968751203 0.9908350693359376 0.41456638786659833 0.9931846168881038
0 0.5767384257812501 0.28279241113281245 0.5761078204252967 0.2555241491999337 0.46086178917529674 0.2581893269343087 0.46149239453125 0.2854575888671874
2 0.8101269843750002 0.4586805556640626 0.8069055674871255 0.3929354824703041 0.6139632939453125 0.402389384765625 0.6171847108331872 0.4681344579593836
3 0.9996693125 0.4435183535156251 0.9947133190318459 0.3806289601204562 0.7833909025667389 0.39728220574956863 0.788346896034893 0.4601715991447375
0 0.46171192857635845 0.2869194382935872 0.46108333300781246 0.2610709326171875 0.3409957432986415 0.2639912765501628 0.3416243388671875 0.2898397822265625
0 0.5677662041015628 0.2551138388671876 0.5672366962519118 0.23294538678575416 0.4635888788690991 0.23542108209825416 0.46411838671875005 0.25758953417968755
0 0.5953710322265625 0.36207762890625006 0.5930303161762197 0.32053897643351126 0.4488914265277822 0.3286612479178863 0.451232142578125 0.3701999003906251
0 0.4515224863281251 0.32886036718750006 0.30430280169987595 0.32270798646709276 0.3025869255261658 0.3637670107106392 0.4498066101544149 0.3699193914310465
1 0.46354468136137866 0.2592998802527308 0.46286772460937486 0.23709424609374996 0.3547810461776837 0.24038935607539413 0.3554580029296875 0.262594990234375